CreateDynamicObject(17310,34.57476044,-887.66448975,1760.09765625,180.00000000,0.00000000,0.00000000); //object(concretearch03) (1)
CreateDynamicObject(17310,34.64450073,-899.41406250,1760.09765625,179.99450684,0.00000000,0.00000000); //object(concretearch03) (2)
CreateDynamicObject(17310,34.72475052,-910.80218506,1760.09765625,179.99450684,0.00000000,0.00000000); //object(concretearch03) (3)
CreateDynamicObject(17310,35.20911407,-932.66516113,1759.77233887,181.00000000,1.00000000,2.00000000); //object(concretearch03) (4)
CreateDynamicObject(17310,34.80761719,-921.12695312,1760.09765625,179.99450684,0.00000000,0.00000000); //object(concretearch03) (5)
CreateDynamicObject(17310,35.90522003,-943.88513184,1758.92150879,353.50109863,181.00604248,182.09591675); //object(concretearch03) (7)
CreateDynamicObject(17310,36.31106567,-954.25592041,1756.94531250,345.74728394,181.03047180,182.23275757); //object(concretearch03) (8)
CreateDynamicObject(17310,36.33239365,-964.69030762,1753.76989746,345.74804688,178.44775391,183.84510803); //object(concretearch03) (9)
CreateDynamicObject(17310,37.08867645,-974.85614014,1749.89379883,333.74996948,178.32000732,183.47941589); //object(concretearch03) (10)
CreateDynamicObject(17310,37.67556000,-983.57098389,1744.02038574,319.75524902,178.02484131,182.94451904); //object(concretearch03) (11)
CreateDynamicObject(17310,38.02721405,-990.62249756,1737.96984863,319.75158691,178.02246094,182.94433594); //object(concretearch03) (13)
CreateDynamicObject(17310,38.45936203,-998.79010010,1730.71838379,319.75158691,178.02246094,182.94433594); //object(concretearch03) (14)
CreateDynamicObject(17310,38.88676453,-1006.15966797,1723.39282227,319.75158691,178.02246094,188.94433594); //object(concretearch03) (16)
CreateDynamicObject(17310,40.32274246,-1014.79809570,1715.79296875,319.75158691,178.01696777,188.94287109); //object(concretearch03) (17)
CreateDynamicObject(17310,41.69134140,-1023.11987305,1708.34375000,319.75158691,178.01696777,188.94287109); //object(concretearch03) (18)
CreateDynamicObject(17310,43.28479004,-1032.70043945,1702.34277344,339.74203491,178.38677979,189.66571045); //object(concretearch03) (19)
CreateDynamicObject(17310,44.94924927,-1042.30346680,1699.19140625,345.48898315,178.43499756,189.82958984); //object(concretearch03) (20)
CreateDynamicObject(17310,46.91207123,-1052.95776367,1696.84130859,351.23495483,178.46649170,189.98594666); //object(concretearch03) (21)
CreateDynamicObject(17310,48.99878693,-1063.01660156,1695.13964844,351.23291016,178.46191406,193.98107910); //object(concretearch03) (22)
CreateDynamicObject(17310,51.60067749,-1073.19067383,1693.13842773,351.23291016,178.46191406,201.98010254); //object(concretearch03) (23)
CreateDynamicObject(17310,55.39310455,-1082.01416016,1691.53808594,351.23291016,178.46191406,207.97814941); //object(concretearch03) (24)
CreateDynamicObject(17310,60.32950211,-1091.64624023,1689.80615234,351.23291016,178.46191406,213.97668457); //object(concretearch03) (25)
CreateDynamicObject(17310,66.12738800,-1100.20983887,1688.20581055,351.23291016,178.46191406,217.97521973); //object(concretearch03) (26)
CreateDynamicObject(17310,72.74922943,-1108.52990723,1686.45507812,351.23291016,178.46191406,221.97424316); //object(concretearch03) (27)
CreateDynamicObject(17310,79.55522919,-1115.64990234,1684.77990723,351.23291016,178.46191406,227.97326660); //object(concretearch03) (28)
CreateDynamicObject(17310,86.65985107,-1121.62268066,1683.02819824,351.23291016,178.46191406,233.97180176); //object(concretearch03) (29)
CreateDynamicObject(17310,94.18294525,-1127.05822754,1681.57824707,351.23291016,178.46191406,239.97033691); //object(concretearch03) (30)
CreateDynamicObject(17310,102.66355133,-1131.62744141,1680.07775879,351.23291016,178.46191406,245.96887207); //object(concretearch03) (31)
CreateDynamicObject(17310,112.22058868,-1135.77282715,1678.42761230,351.23291016,178.46191406,249.96740723); //object(concretearch03) (32)
CreateDynamicObject(17310,122.04869080,-1139.27001953,1676.70190430,351.23291016,178.46191406,253.96643066); //object(concretearch03) (33)
CreateDynamicObject(17310,132.33396912,-1142.08837891,1675.02648926,351.23291016,178.46191406,257.96545410); //object(concretearch03) (34)
CreateDynamicObject(17310,141.88467407,-1143.92822266,1673.45141602,351.23291016,178.46191406,261.96447754); //object(concretearch03) (35)
CreateDynamicObject(17310,153.02806091,-1145.44885254,1671.65039062,351.23291016,178.46191406,265.96350098); //object(concretearch03) (36)
CreateDynamicObject(17310,163.11920166,-1146.19897461,1670.05053711,351.23291016,178.46191406,269.96252441); //object(concretearch03) (37)
CreateDynamicObject(17310,172.27658081,-1145.99267578,1668.65014648,351.23291016,178.46191406,275.96154785); //object(concretearch03) (38)
CreateDynamicObject(17310,182.33079529,-1144.88354492,1667.07507324,351.23291016,178.46191406,279.96008301); //object(concretearch03) (39)
CreateDynamicObject(17310,191.32708740,-1143.15661621,1665.62487793,351.23291016,178.46191406,279.95910645); //object(concretearch03) (40)
CreateDynamicObject(17310,201.52459717,-1141.38879395,1663.27282715,343.73568726,178.41650391,279.75000000); //object(concretearch03) (41)
CreateDynamicObject(17310,212.09747314,-1139.37500000,1659.44726562,337.73712158,178.35327148,279.56558228); //object(concretearch03) (42)
CreateDynamicObject(17310,221.79006958,-1137.80322266,1654.37219238,327.74072266,178.19647217,279.22528076); //object(concretearch03) (43)
CreateDynamicObject(17310,230.21493530,-1136.32250977,1648.16882324,320.74246216,178.02624512,278.93862915); //object(concretearch03) (44)
CreateDynamicObject(17310,247.08882141,-1133.45043945,1633.81823730,320.74035645,178.02246094,278.93737793); //object(concretearch03) (48)
CreateDynamicObject(17310,238.79687500,-1134.82421875,1640.74316406,320.74035645,178.02246094,278.93737793); //object(concretearch03) (49)
CreateDynamicObject(17310,254.73979187,-1132.21228027,1627.46765137,320.74035645,178.02246094,278.93737793); //object(concretearch03) (50)
CreateDynamicObject(17310,262.25289917,-1131.07775879,1621.16662598,320.74035645,178.02246094,278.93737793); //object(concretearch03) (51)
CreateDynamicObject(17310,269.99023438,-1129.83300781,1614.71691895,320.74035645,178.02246094,278.93737793); //object(concretearch03) (54)
CreateDynamicObject(17310,294.79949951,-1125.80139160,1592.71691895,327.48669434,178.18432617,279.21301270); //object(concretearch03) (56)
CreateDynamicObject(17310,303.53350830,-1124.39575195,1586.99291992,327.48596191,178.18176270,279.21203613); //object(concretearch03) (57)
CreateDynamicObject(17310,311.91680908,-1122.82666016,1581.44384766,327.48596191,178.18176270,279.21203613); //object(concretearch03) (58)
CreateDynamicObject(17310,321.44232178,-1121.30285645,1574.94311523,327.48596191,178.18176270,279.21203613); //object(concretearch03) (59)
CreateDynamicObject(17310,285.75213623,-1127.43530273,1598.56823730,327.48596191,178.18176270,279.21203613); //object(concretearch03) (60)
CreateDynamicObject(17310,331.49887085,-1119.58105469,1569.19238281,334.23278809,178.29754639,279.44934082); //object(concretearch03) (61)
CreateDynamicObject(17310,341.61996460,-1117.62194824,1564.46618652,337.97994995,178.34582520,279.56835938); //object(concretearch03) (62)
CreateDynamicObject(17310,352.39144897,-1115.64294434,1560.56677246,343.22576904,178.39379883,279.72207642); //object(concretearch03) (63)
CreateDynamicObject(17310,363.43136597,-1113.78942871,1557.76721191,349.47146606,178.43267822,279.89566040); //object(concretearch03) (64)
CreateDynamicObject(17310,374.44873047,-1111.91186523,1556.44287109,357.46667480,178.45391846,280.11206055); //object(concretearch03) (65)
CreateDynamicObject(17310,385.48162842,-1110.23254395,1556.36779785,3.21005249,178.45001221,280.26281738); //object(concretearch03) (66)
CreateDynamicObject(17310,396.71121216,-1108.21948242,1557.59521484,11.20501709,178.41772461,280.48175049); //object(concretearch03) (67)
CreateDynamicObject(17310,406.20416260,-1106.41674805,1560.14648438,18.44769287,178.35839844,280.69210815); //object(concretearch03) (68)
CreateDynamicObject(17310,415.76614380,-1104.68054199,1564.49707031,32.43963623,178.15380859,281.16043091); //object(concretearch03) (69)
CreateDynamicObject(17310,422.91329956,-1103.23547363,1570.17248535,44.42980957,177.81201172,281.69555664); //object(concretearch03) (70)
CreateDynamicObject(17310,430.67510986,-1101.58129883,1577.92492676,44.42871094,177.80822754,281.69494629); //object(concretearch03) (72)
CreateDynamicObject(17310,439.22024536,-1099.74365234,1584.82604980,34.43502808,178.10241699,281.23358154); //object(concretearch03) (73)
CreateDynamicObject(17310,448.26699829,-1097.94177246,1590.07678223,26.43518066,178.24938965,280.93820190); //object(concretearch03) (74)
CreateDynamicObject(17310,458.27343750,-1095.94909668,1594.20214844,18.43661499,178.34600830,280.67984009); //object(concretearch03) (75)
CreateDynamicObject(17310,468.91036987,-1093.91210938,1596.95214844,10.43829346,178.39971924,280.44396973); //object(concretearch03) (76)
CreateDynamicObject(17310,479.70822144,-1091.89099121,1597.95312500,0.44082642,178.42248535,280.16400146); //object(concretearch03) (77)
CreateDynamicObject(17310,490.66165161,-1089.94274902,1597.22741699,352.44253540,178.40417480,279.94027710); //object(concretearch03) (78)
CreateDynamicObject(17310,500.33871460,-1088.19177246,1594.87707520,342.44543457,178.33801270,279.64599609); //object(concretearch03) (79)
CreateDynamicObject(17310,511.42892456,-1086.19482422,1591.30175781,342.44384766,178.33557129,279.64050293); //object(concretearch03) (80)
CreateDynamicObject(17310,522.51293945,-1084.09606934,1587.70141602,342.44384766,178.33557129,279.64050293); //object(concretearch03) (81)
CreateDynamicObject(17310,533.36206055,-1082.04846191,1584.00024414,342.44384766,178.33557129,279.64050293); //object(concretearch03) (82)
CreateDynamicObject(17310,542.84533691,-1080.46044922,1580.49975586,342.44384766,178.33557129,272.14050293); //object(concretearch03) (83)
CreateDynamicObject(17310,552.71746826,-1079.93920898,1577.22448730,342.43835449,178.33007812,268.13684082); //object(concretearch03) (84)
CreateDynamicObject(17310,561.65863037,-1080.20532227,1574.02453613,342.43286133,178.33007812,264.13232422); //object(concretearch03) (85)
CreateDynamicObject(17310,571.58758545,-1081.11193848,1570.37438965,342.42736816,178.33007812,260.12780762); //object(concretearch03) (86)
CreateDynamicObject(17310,581.14306641,-1082.32055664,1567.14941406,342.42187500,178.33007812,256.12329102); //object(concretearch03) (87)
CreateDynamicObject(17310,589.69506836,-1083.92822266,1564.14892578,342.42187500,178.33007812,248.11877441); //object(concretearch03) (88)
CreateDynamicObject(17310,597.64672852,-1087.12731934,1561.02404785,342.42187500,178.33007812,242.11523438); //object(concretearch03) (89)
CreateDynamicObject(17310,605.93731689,-1091.83325195,1557.74853516,342.42187500,178.33007812,238.11120605); //object(concretearch03) (90)
CreateDynamicObject(17310,614.85797119,-1097.62023926,1554.05004883,342.42187500,178.33007812,234.10668945); //object(concretearch03) (91)
CreateDynamicObject(17310,622.25543213,-1103.19348145,1550.59985352,342.42187500,178.33007812,228.10217285); //object(concretearch03) (92)
CreateDynamicObject(17310,629.45440674,-1109.84655762,1546.99951172,342.42187500,178.33007812,222.09814453); //object(concretearch03) (93)
CreateDynamicObject(17310,635.98785400,-1117.14892578,1543.47473145,342.42187500,178.33007812,218.09411621); //object(concretearch03) (94)
CreateDynamicObject(17310,641.84887695,-1124.68066406,1540.07287598,342.42187500,178.33007812,212.08959961); //object(concretearch03) (95)
CreateDynamicObject(17310,646.78698730,-1132.62280273,1536.74682617,342.42187500,178.33007812,208.08557129); //object(concretearch03) (96)
CreateDynamicObject(17310,651.25805664,-1141.16076660,1533.29443359,342.42187500,178.33007812,204.08105469); //object(concretearch03) (97)
CreateDynamicObject(17310,654.86157227,-1149.70666504,1529.81823730,342.42187500,178.33007812,198.07653809); //object(concretearch03) (98)
CreateDynamicObject(17310,657.54144287,-1158.16564941,1526.56652832,342.42187500,178.33007812,194.07250977); //object(concretearch03) (99)
CreateDynamicObject(17310,659.72509766,-1167.51257324,1523.08984375,342.42187500,178.33007812,190.06799316); //object(concretearch03) (100)
CreateDynamicObject(17310,661.32727051,-1177.10546875,1519.41516113,342.42187500,178.33007812,186.06347656); //object(concretearch03) (101)
CreateDynamicObject(17310,662.25701904,-1186.78527832,1516.04003906,342.42187500,178.33007812,182.05895996); //object(concretearch03) (102)
CreateDynamicObject(17310,662.37127686,-1194.98022461,1512.66418457,342.42187500,178.33007812,176.05444336); //object(concretearch03) (103)
CreateDynamicObject(17310,661.64031982,-1203.82666016,1509.38891602,342.42187500,178.33007812,172.05041504); //object(concretearch03) (104)
CreateDynamicObject(17310,660.23919678,-1215.05285645,1505.76403809,342.42187500,178.33007812,172.04589844); //object(concretearch03) (105)
CreateDynamicObject(17310,658.97003174,-1224.88562012,1502.56481934,342.42187500,178.33007812,172.04589844); //object(concretearch03) (106)
CreateDynamicObject(17310,657.46533203,-1235.58154297,1498.66491699,338.42361450,178.28808594,171.92065430); //object(concretearch03) (107)
CreateDynamicObject(17310,656.11968994,-1245.99316406,1494.01184082,334.92443848,178.24035645,171.80401611); //object(concretearch03) (108)
CreateDynamicObject(17310,654.74176025,-1256.50378418,1488.83618164,334.92370605,178.23669434,171.79870605); //object(concretearch03) (109)
CreateDynamicObject(17310,653.37109375,-1266.47387695,1484.06164551,334.92370605,178.23669434,171.79870605); //object(concretearch03) (110)
CreateDynamicObject(17310,651.89819336,-1276.54785156,1479.18627930,334.92370605,178.23669434,169.79870605); //object(concretearch03) (111)
CreateDynamicObject(17310,650.03497314,-1286.47473145,1474.21057129,334.91821289,178.23669434,167.79370117); //object(concretearch03) (112)
CreateDynamicObject(17310,647.87347412,-1296.49633789,1469.01013184,334.91821289,178.23669434,167.78869629); //object(concretearch03) (113)
CreateDynamicObject(17310,645.79443359,-1306.22814941,1464.31066895,334.91821289,178.23669434,167.78869629); //object(concretearch03) (114)
CreateDynamicObject(2780,287.83538818,-1142.99145508,1603.56262207,0.00000000,0.00000000,0.00000000); //object(cj_smoke_mach) (1)
CreateDynamicObject(2780,281.72930908,-1112.66247559,1603.56262207,0.00000000,0.00000000,0.00000000); //object(cj_smoke_mach) (2)
CreateDynamicObject(2780,278.55780029,-1126.52221680,1606.31262207,0.00000000,0.00000000,0.00000000); //object(cj_smoke_mach) (3)
CreateDynamicObject(2780,278.22457886,-1124.80310059,1606.31262207,0.00000000,0.00000000,0.00000000); //object(cj_smoke_mach) (4)
CreateDynamicObject(2780,277.84301758,-1122.83886719,1606.31262207,0.00000000,0.00000000,0.00000000); //object(cj_smoke_mach) (5)
CreateDynamicObject(2780,277.27185059,-1119.89306641,1606.31262207,0.00000000,0.00000000,0.00000000); //object(cj_smoke_mach) (6)
CreateDynamicObject(2780,276.70056152,-1116.94677734,1606.31262207,0.00000000,0.00000000,0.00000000); //object(cj_smoke_mach) (7)
CreateDynamicObject(2780,275.89138794,-1112.77307129,1606.31262207,0.00000000,0.00000000,0.00000000); //object(cj_smoke_mach) (8)
CreateDynamicObject(2780,279.40164185,-1130.88537598,1606.31262207,0.00000000,0.00000000,0.00000000); //object(cj_smoke_mach) (9)
CreateDynamicObject(2780,279.87713623,-1133.33959961,1606.31262207,0.00000000,0.00000000,0.00000000); //object(cj_smoke_mach) (10)
CreateDynamicObject(2780,280.30514526,-1135.54821777,1606.31262207,0.00000000,0.00000000,0.00000000); //object(cj_smoke_mach) (11)
CreateDynamicObject(2780,280.78045654,-1138.00268555,1606.31262207,0.00000000,0.00000000,0.00000000); //object(cj_smoke_mach) (12)
CreateDynamicObject(2780,281.30361938,-1140.70227051,1606.31262207,0.00000000,0.00000000,0.00000000); //object(cj_smoke_mach) (13)
CreateDynamicObject(2780,281.73092651,-1142.91149902,1606.31262207,0.00000000,0.00000000,0.00000000); //object(cj_smoke_mach) (14)
CreateDynamicObject(2780,281.73046875,-1142.91113281,1606.31262207,0.00000000,0.00000000,0.00000000); //object(cj_smoke_mach) (15)
CreateDynamicObject(17310,643.53710938,-1316.45800781,1459.33666992,334.91821289,178.23669434,167.78869629); //object(concretearch03) (117)
CreateDynamicObject(17310,641.34014893,-1326.11853027,1454.71057129,334.91821289,178.23669434,167.78869629); //object(concretearch03) (118)
CreateDynamicObject(17310,639.28527832,-1335.41772461,1450.23608398,334.91821289,178.23669434,167.78869629); //object(concretearch03) (119)
CreateDynamicObject(17310,637.16796875,-1345.76208496,1445.30822754,334.91821289,178.23669434,167.78869629); //object(concretearch03) (120)
CreateDynamicObject(17310,635.39331055,-1356.21569824,1440.23657227,334.91821289,178.23669434,167.78869629); //object(concretearch03) (121)
CreateDynamicObject(17310,633.39111328,-1365.78833008,1435.66223145,334.91821289,178.23669434,167.78869629); //object(concretearch03) (122)
CreateDynamicObject(17310,631.56781006,-1374.22961426,1431.58593750,334.91821289,178.23669434,167.78869629); //object(concretearch03) (123)
CreateDynamicObject(17310,629.25250244,-1384.36303711,1426.65930176,334.91821289,178.23669434,167.78869629); //object(concretearch03) (124)
CreateDynamicObject(17310,627.38922119,-1393.21398926,1422.43481445,334.91821289,178.23669434,167.78869629); //object(concretearch03) (125)
CreateDynamicObject(17310,625.71588135,-1400.83508301,1418.73413086,334.91821289,178.23669434,167.78869629); //object(concretearch03) (126)
CreateDynamicObject(17310,623.94848633,-1409.03173828,1414.78369141,334.91821289,178.23669434,167.78869629); //object(concretearch03) (127)
CreateDynamicObject(17310,621.75579834,-1419.00671387,1409.95690918,334.91821289,178.23669434,167.78869629); //object(concretearch03) (128)
CreateDynamicObject(17310,619.73095703,-1428.81542969,1405.08007812,334.91821289,178.23669434,167.78869629); //object(concretearch03) (129)
CreateDynamicObject(17310,617.61627197,-1438.66674805,1400.30407715,334.91821289,178.23669434,167.78869629); //object(concretearch03) (130)
CreateDynamicObject(17310,615.57604980,-1448.37060547,1395.62988281,334.91821289,178.23669434,167.78869629); //object(concretearch03) (131)
CreateDynamicObject(17310,613.66052246,-1457.53283691,1391.25427246,334.91821289,178.23669434,167.78869629); //object(concretearch03) (132)
CreateDynamicObject(3461,470.77703857,-1078.26843262,1599.89501953,0.00000000,0.00000000,0.00000000); //object(tikitorch01_lvs) (1)
CreateDynamicObject(3461,470.91418457,-1078.74829102,1599.89501953,0.00000000,0.00000000,0.00000000); //object(tikitorch01_lvs) (2)
CreateDynamicObject(3461,471.05187988,-1079.22875977,1599.54467773,0.00000000,0.00000000,0.00000000); //object(tikitorch01_lvs) (3)
CreateDynamicObject(3461,471.16876221,-1079.63684082,1599.46960449,0.00000000,0.00000000,0.00000000); //object(tikitorch01_lvs) (4)
CreateDynamicObject(3461,471.26428223,-1079.97290039,1599.34448242,0.00000000,0.00000000,0.00000000); //object(tikitorch01_lvs) (5)
CreateDynamicObject(3461,471.37402344,-1080.35742188,1599.16931152,0.00000000,0.00000000,0.00000000); //object(tikitorch01_lvs) (6)
CreateDynamicObject(3461,471.43572998,-1080.57312012,1599.19433594,0.00000000,0.00000000,0.00000000); //object(tikitorch01_lvs) (7)
CreateDynamicObject(3461,471.55255127,-1080.98059082,1599.04418945,0.00000000,0.00000000,0.00000000); //object(tikitorch01_lvs) (8)
CreateDynamicObject(3461,471.94354248,-1081.44091797,1598.84399414,0.00000000,0.00000000,0.00000000); //object(tikitorch01_lvs) (9)
CreateDynamicObject(3461,471.88769531,-1081.92944336,1598.59375000,0.00000000,0.00000000,0.00000000); //object(tikitorch01_lvs) (10)
CreateDynamicObject(3461,472.00494385,-1082.46923828,1598.39331055,0.00000000,0.00000000,0.00000000); //object(tikitorch01_lvs) (11)
CreateDynamicObject(3461,472.09967041,-1082.93737793,1598.29321289,0.00000000,0.00000000,0.00000000); //object(tikitorch01_lvs) (12)
CreateDynamicObject(3461,472.24957275,-1083.41406250,1598.16809082,0.00000000,0.00000000,0.00000000); //object(tikitorch01_lvs) (14)
CreateDynamicObject(3461,472.33486938,-1084.07202148,1597.86779785,0.00000000,0.00000000,0.00000000); //object(tikitorch01_lvs) (15)
CreateDynamicObject(3461,472.40466309,-1084.67224121,1597.69262695,0.00000000,0.00000000,0.00000000); //object(tikitorch01_lvs) (16)
CreateDynamicObject(3461,472.40798950,-1085.21154785,1597.56750488,0.00000000,0.00000000,0.00000000); //object(tikitorch01_lvs) (17)
CreateDynamicObject(3461,472.56884766,-1085.66003418,1597.49243164,0.00000000,0.00000000,0.00000000); //object(tikitorch01_lvs) (18)
CreateDynamicObject(3461,472.60278320,-1086.21752930,1597.26721191,0.00000000,0.00000000,0.00000000); //object(tikitorch01_lvs) (19)
CreateDynamicObject(3461,472.78198242,-1086.94555664,1597.14208984,0.00000000,0.00000000,0.00000000); //object(tikitorch01_lvs) (20)
CreateDynamicObject(3461,473.07009888,-1087.49206543,1597.14208984,0.00000000,0.00000000,0.00000000); //object(tikitorch01_lvs) (21)
CreateDynamicObject(3461,472.98864746,-1088.00061035,1597.06701660,0.00000000,0.00000000,0.00000000); //object(tikitorch01_lvs) (22)
CreateDynamicObject(3461,473.17407227,-1088.64990234,1597.06701660,0.00000000,0.00000000,0.00000000); //object(tikitorch01_lvs) (23)
CreateDynamicObject(3461,473.22021484,-1089.25634766,1597.06701660,0.00000000,0.00000000,0.00000000); //object(tikitorch01_lvs) (24)
CreateDynamicObject(3461,473.38720703,-1089.93603516,1596.91687012,0.00000000,0.00000000,0.00000000); //object(tikitorch01_lvs) (25)
CreateDynamicObject(3461,473.48168945,-1090.53051758,1596.91687012,0.00000000,0.00000000,0.00000000); //object(tikitorch01_lvs) (26)
CreateDynamicObject(3461,473.62426758,-1091.31958008,1596.91687012,0.00000000,0.00000000,0.00000000); //object(tikitorch01_lvs) (27)
CreateDynamicObject(3461,473.74926758,-1091.93261719,1596.91687012,0.00000000,0.00000000,0.00000000); //object(tikitorch01_lvs) (28)
CreateDynamicObject(3461,473.74047852,-1092.63037109,1596.84179688,0.00000000,0.00000000,0.00000000); //object(tikitorch01_lvs) (29)
CreateDynamicObject(3461,473.88977051,-1093.23718262,1596.86682129,0.00000000,0.00000000,0.00000000); //object(tikitorch01_lvs) (30)
CreateDynamicObject(3461,473.84899902,-1093.66320801,1596.86682129,0.00000000,0.00000000,0.00000000); //object(tikitorch01_lvs) (32)
CreateDynamicObject(3461,473.93872070,-1094.38378906,1596.94189453,0.00000000,0.00000000,0.00000000); //object(tikitorch01_lvs) (33)
CreateDynamicObject(3461,474.17300415,-1095.08801270,1596.94189453,0.00000000,0.00000000,0.00000000); //object(tikitorch01_lvs) (34)
CreateDynamicObject(3461,474.15011597,-1095.71228027,1596.94189453,0.00000000,0.00000000,0.00000000); //object(tikitorch01_lvs) (35)
CreateDynamicObject(3461,474.26358032,-1096.28649902,1597.06701660,0.00000000,0.00000000,0.00000000); //object(tikitorch01_lvs) (36)
CreateDynamicObject(3461,474.64788818,-1096.67810059,1597.09204102,0.00000000,0.00000000,0.00000000); //object(tikitorch01_lvs) (37)
CreateDynamicObject(3461,474.24862671,-1096.83190918,1597.21716309,0.00000000,0.00000000,0.00000000); //object(tikitorch01_lvs) (38)
CreateDynamicObject(3461,474.39892578,-1097.41113281,1597.21716309,0.00000000,0.00000000,0.00000000); //object(tikitorch01_lvs) (39)
CreateDynamicObject(3461,474.67660522,-1097.98425293,1597.26721191,0.00000000,0.00000000,0.00000000); //object(tikitorch01_lvs) (40)
CreateDynamicObject(3461,474.71652222,-1098.43261719,1597.29223633,0.00000000,0.00000000,0.00000000); //object(tikitorch01_lvs) (41)
CreateDynamicObject(3461,474.91946411,-1099.11303711,1597.54248047,0.00000000,0.00000000,0.00000000); //object(tikitorch01_lvs) (42)
CreateDynamicObject(3461,474.98422241,-1099.68225098,1597.79272461,0.00000000,0.00000000,0.00000000); //object(tikitorch01_lvs) (43)
CreateDynamicObject(3461,475.02880859,-1100.07812500,1597.94287109,0.00000000,0.00000000,0.00000000); //object(tikitorch01_lvs) (44)
CreateDynamicObject(3461,475.11062622,-1100.79675293,1598.09301758,0.00000000,0.00000000,0.00000000); //object(tikitorch01_lvs) (45)
CreateDynamicObject(3461,475.17846680,-1101.39062500,1598.24316406,0.00000000,0.00000000,0.00000000); //object(tikitorch01_lvs) (46)
CreateDynamicObject(3461,475.22869873,-1101.83911133,1598.39331055,0.00000000,0.00000000,0.00000000); //object(tikitorch01_lvs) (47)
CreateDynamicObject(3461,475.41302490,-1102.57104492,1598.69360352,0.00000000,0.00000000,0.00000000); //object(tikitorch01_lvs) (48)
CreateDynamicObject(3461,475.63211060,-1103.17297363,1598.94384766,0.00000000,0.00000000,0.00000000); //object(tikitorch01_lvs) (49)
CreateDynamicObject(3461,475.70278931,-1103.79235840,1599.19409180,0.00000000,0.00000000,0.00000000); //object(tikitorch01_lvs) (50)
CreateDynamicObject(3461,475.76742554,-1104.36193848,1599.36926270,0.00000000,0.00000000,0.00000000); //object(tikitorch01_lvs) (51)
CreateDynamicObject(3461,475.62686157,-1104.90881348,1599.56945801,0.00000000,0.00000000,0.00000000); //object(tikitorch01_lvs) (52)
CreateDynamicObject(3461,475.71252441,-1105.41113281,1599.71960449,0.00000000,0.00000000,0.00000000); //object(tikitorch01_lvs) (53)
CreateDynamicObject(3461,475.72616577,-1105.81213379,1599.84472656,0.00000000,0.00000000,0.00000000); //object(tikitorch01_lvs) (54)
CreateDynamicObject(3461,475.86004639,-1106.09167480,1599.91979980,0.00000000,0.00000000,0.00000000); //object(tikitorch01_lvs) (55)
CreateDynamicObject(3461,476.12683105,-1106.31640625,1599.99487305,0.00000000,0.00000000,0.00000000); //object(tikitorch01_lvs) (56)
CreateDynamicObject(3461,476.15423584,-1106.86279297,1600.42028809,0.00000000,0.00000000,0.00000000); //object(tikitorch01_lvs) (57)
CreateDynamicObject(3461,476.13314819,-1107.46582031,1600.72058105,0.00000000,0.00000000,0.00000000); //object(tikitorch01_lvs) (58)
CreateDynamicObject(3461,476.49768066,-1108.42675781,1601.69653320,0.00000000,0.00000000,0.00000000); //object(tikitorch01_lvs) (59)
CreateDynamicObject(3461,476.46289062,-1107.81005859,1601.29614258,0.00000000,0.00000000,0.00000000); //object(tikitorch01_lvs) (60)
CreateDynamicObject(17310,606.00622559,-1495.93054199,1373.97680664,353.41030884,178.39239502,168.35180664); //object(concretearch03) (136)
CreateDynamicObject(17310,601.86791992,-1517.23974609,1370.57592773,353.40270996,178.38500977,168.34899902); //object(concretearch03) (172)
CreateDynamicObject(17310,599.97912598,-1526.69970703,1369.44982910,353.40270996,178.38500977,168.34899902); //object(concretearch03) (173)
CreateDynamicObject(17310,597.84020996,-1536.84228516,1368.54895020,356.15161133,178.39208984,168.42663574); //object(concretearch03) (174)
CreateDynamicObject(17310,597.23120117,-1539.87915039,1368.79699707,0.89743042,178.39392090,168.55920410); //object(concretearch03) (175)
CreateDynamicObject(17310,596.46539307,-1543.02050781,1369.37255859,6.89300537,178.37902832,168.72717285); //object(concretearch03) (176)
CreateDynamicObject(17310,595.96881104,-1543.92407227,1369.84802246,11.88641357,178.35040283,168.86730957); //object(concretearch03) (177)
CreateDynamicObject(17310,595.96166992,-1545.27734375,1370.72387695,17.37936401,178.30456543,169.53137207); //object(concretearch03) (178)
CreateDynamicObject(17310,595.65081787,-1545.80395508,1371.29943848,22.37261963,178.24822998,169.68994141); //object(concretearch03) (179)
CreateDynamicObject(17310,595.36401367,-1546.91552734,1372.55065918,30.11428833,178.12664795,169.96246338); //object(concretearch03) (182)
CreateDynamicObject(17310,595.19519043,-1547.56762695,1373.20129395,33.36169434,178.05426025,170.08599854); //object(concretearch03) (183)
CreateDynamicObject(17310,595.12585449,-1547.83325195,1373.95202637,38.60675049,177.91564941,170.31317139); //object(concretearch03) (184)
CreateDynamicObject(17310,594.84484863,-1548.92065430,1374.97802734,45.35092163,177.67877197,170.65911865); //object(concretearch03) (185)
CreateDynamicObject(17310,594.58325195,-1549.93505859,1376.32934570,50.59124756,177.42742920,170.99090576); //object(concretearch03) (186)
CreateDynamicObject(17310,594.10974121,-1552.88757324,1380.35510254,56.32986450,177.04931641,171.45117188); //object(concretearch03) (187)
CreateDynamicObject(17310,593.92346191,-1554.41088867,1383.60510254,63.31542969,176.35034180,172.24884033); //object(concretearch03) (188)
CreateDynamicObject(17310,593.85437012,-1554.82934570,1385.05651855,69.54791260,175.30291748,173.38110352); //object(concretearch03) (189)
CreateDynamicObject(17310,593.78906250,-1555.22363281,1386.85827637,75.76358032,173.30981445,175.46044922); //object(concretearch03) (190)
CreateDynamicObject(17310,593.70849609,-1555.71679688,1389.08544922,82.91290283,166.56988525,182.30143738); //object(concretearch03) (191)
CreateDynamicObject(17310,593.67578125,-1555.91406250,1390.76208496,85.58322144,21.85968018,327.16354370); //object(concretearch03) (192)
CreateDynamicObject(17310,593.71606445,-1555.66748047,1393.43969727,79.26925659,8.86877441,340.24407959); //object(concretearch03) (193)
CreateDynamicObject(17310,593.78027344,-1555.27246094,1395.24145508,69.32904053,4.66418457,344.58917236); //object(concretearch03) (194)
CreateDynamicObject(17310,594.05761719,-1553.69433594,1399.39331055,63.33929443,3.66833496,345.67147827); //object(concretearch03) (196)
CreateDynamicObject(17310,594.45465088,-1552.16662598,1403.14331055,52.60229492,2.70639038,346.79290771); //object(concretearch03) (197)
CreateDynamicObject(17310,595.64849854,-1546.21752930,1409.79345703,38.60900879,2.10052490,347.62542725); //object(concretearch03) (198)
CreateDynamicObject(17310,596.12249756,-1542.42248535,1412.71887207,31.11053467,1.91519165,347.94372559); //object(concretearch03) (199)
CreateDynamicObject(17310,596.72229004,-1538.74780273,1414.72082520,19.61355591,1.73748779,348.34701538); //object(concretearch03) (201)
CreateDynamicObject(17310,597.76513672,-1532.36047363,1415.72180176,4.36712646,1.63989258,348.80133057); //object(concretearch03) (202)
CreateDynamicObject(17310,598.78308105,-1526.14318848,1416.09716797,352.62185669,1.64584351,349.13552856); //object(concretearch03) (203)
CreateDynamicObject(17310,599.85595703,-1521.15917969,1414.97253418,340.87219238,1.72406006,349.48849487); //object(concretearch03) (204)
CreateDynamicObject(17310,600.47180176,-1518.47900391,1413.72375488,330.12252808,1.87341309,349.85589600); //object(concretearch03) (205)
CreateDynamicObject(17310,600.93670654,-1513.32373047,1410.82458496,316.12609863,2.25320435,350.48266602); //object(concretearch03) (206)
CreateDynamicObject(17310,601.14929199,-1507.85168457,1404.82458496,302.13513184,3.05261230,351.50445557); //object(concretearch03) (207)
CreateDynamicObject(17310,601.24755859,-1505.30297852,1400.32458496,292.15490723,4.30221558,352.90539551); //object(concretearch03) (208)
CreateDynamicObject(17310,601.28588867,-1504.30371094,1397.12390137,284.18853760,6.62567139,355.34344482); //object(concretearch03) (209)
CreateDynamicObject(17310,601.32672119,-1503.23107910,1391.62365723,274.40087891,21.61605835,10.47543335); //object(concretearch03) (210)
CreateDynamicObject(17310,611.56787109,-1467.23132324,1386.55383301,334.91821289,178.23669434,167.78869629); //object(concretearch03) (211)
CreateDynamicObject(17310,609.46582031,-1476.80346680,1381.92797852,334.91821289,178.23669434,167.78869629); //object(concretearch03) (212)
CreateDynamicObject(17310,607.83093262,-1486.91137695,1376.87792969,334.91821289,178.23669434,167.78869629); //object(concretearch03) (213)
CreateDynamicObject(17310,601.64880371,-1501.56201172,1367.00317383,274.23004150,157.47119141,146.43865967); //object(concretearch03) (215)
CreateDynamicObject(17310,600.91357422,-1502.54565430,1356.50317383,278.80682373,169.36181641,158.39880371); //object(concretearch03) (216)
CreateDynamicObject(17310,600.49932861,-1505.58801270,1346.52844238,294.70629883,176.12231445,165.38940430); //object(concretearch03) (217)
CreateDynamicObject(17310,599.59899902,-1511.26989746,1336.75488281,306.68371582,177.28808594,166.73706055); //object(concretearch03) (218)
CreateDynamicObject(17310,598.05035400,-1519.52575684,1329.93029785,332.66442871,178.17541504,168.07275391); //object(concretearch03) (219)
CreateDynamicObject(17310,595.52661133,-1528.94213867,1326.25512695,346.65405273,178.33001709,168.52355957); //object(concretearch03) (221)
CreateDynamicObject(17310,593.63842773,-1538.84960938,1324.60546875,356.89736938,178.36749268,168.81774902); //object(concretearch03) (222)
CreateDynamicObject(17310,591.45825195,-1550.00048828,1324.48034668,2.14422607,178.36431885,168.96575928); //object(concretearch03) (223)
CreateDynamicObject(17310,589.30163574,-1561.05407715,1325.60644531,9.63922119,178.34075928,169.18096924); //object(concretearch03) (224)
CreateDynamicObject(3385,614.25909424,-1506.53710938,1372.76354980,0.00000000,0.00000000,0.00000000); //object(a51_light1_) (1)
CreateDynamicObject(3385,608.89434814,-1503.66027832,1372.76354980,0.00000000,0.00000000,0.00000000); //object(a51_light1_) (2)
CreateDynamicObject(3385,602.42382812,-1501.36743164,1372.76354980,0.00000000,0.00000000,0.00000000); //object(a51_light1_) (3)
CreateDynamicObject(3385,594.73107910,-1500.39941406,1373.26354980,0.00000000,0.00000000,0.00000000); //object(a51_light1_) (4)
CreateDynamicObject(3385,587.21752930,-1501.48559570,1373.51354980,0.00000000,0.00000000,0.00000000); //object(a51_light1_) (5)
CreateDynamicObject(3461,611.40405273,-1513.92895508,1369.72106934,298.00000000,0.00000000,346.00000000); //object(tikitorch01_lvs) (62)
CreateDynamicObject(3461,609.67510986,-1513.65270996,1369.72106934,297.99865723,0.00000000,345.99792480); //object(tikitorch01_lvs) (63)
CreateDynamicObject(3461,607.45281982,-1513.29748535,1369.72106934,297.99865723,0.00000000,345.99792480); //object(tikitorch01_lvs) (64)
CreateDynamicObject(3461,605.01898193,-1512.68066406,1369.72106934,297.99865723,0.00000000,345.99792480); //object(tikitorch01_lvs) (65)
CreateDynamicObject(3461,602.69799805,-1512.31030273,1369.72106934,297.99865723,0.00000000,345.99792480); //object(tikitorch01_lvs) (66)
CreateDynamicObject(3461,599.51184082,-1511.64941406,1369.72106934,297.99865723,0.00000000,345.99792480); //object(tikitorch01_lvs) (67)
CreateDynamicObject(3461,596.21942139,-1511.02258301,1369.72106934,297.99865723,0.00000000,345.99792480); //object(tikitorch01_lvs) (68)
CreateDynamicObject(3461,597.70007324,-1511.25903320,1369.72106934,297.99865723,0.00000000,345.99792480); //object(tikitorch01_lvs) (69)
CreateDynamicObject(3461,601.11993408,-1512.03271484,1369.72106934,297.99865723,0.00000000,345.99792480); //object(tikitorch01_lvs) (70)
CreateDynamicObject(3461,604.02484131,-1512.54724121,1369.72106934,297.99865723,0.00000000,345.99792480); //object(tikitorch01_lvs) (71)
CreateDynamicObject(3461,606.34100342,-1513.09277344,1369.72106934,297.99865723,0.00000000,345.99792480); //object(tikitorch01_lvs) (72)
CreateDynamicObject(3461,608.60388184,-1513.50439453,1369.72106934,297.99865723,0.00000000,345.99792480); //object(tikitorch01_lvs) (73)
CreateDynamicObject(3461,610.64465332,-1513.88037109,1369.72106934,297.99865723,0.00000000,345.99792480); //object(tikitorch01_lvs) (74)
CreateDynamicObject(3461,595.07086182,-1510.88659668,1369.72106934,297.99865723,0.00000000,345.99792480); //object(tikitorch01_lvs) (75)
CreateDynamicObject(17310,587.38903809,-1571.45715332,1327.90795898,15.63244629,178.29595947,169.35913086); //object(concretearch03) (225)
CreateDynamicObject(17310,576.68951416,-1619.40637207,1300.31860352,17.62713623,178.27374268,169.41680908); //object(concretearch03) (226)
CreateDynamicObject(17310,574.92596436,-1629.00500488,1303.42041016,17.62207031,178.26965332,169.41467285); //object(concretearch03) (227)
CreateDynamicObject(17310,573.01037598,-1639.79479980,1306.84606934,15.62298584,178.28759766,169.35198975); //object(concretearch03) (228)
CreateDynamicObject(17310,571.14324951,-1650.36608887,1308.79650879,6.12664795,178.33996582,169.06420898); //object(concretearch03) (229)
CreateDynamicObject(17310,569.06652832,-1661.50366211,1309.32202148,359.37771606,178.34497070,168.86749268); //object(concretearch03) (230)
CreateDynamicObject(17310,567.05340576,-1672.24633789,1308.24597168,350.12771606,178.31628418,168.59472656); //object(concretearch03) (231)
CreateDynamicObject(17310,565.36267090,-1682.64099121,1305.44616699,342.12686157,178.25433350,168.34411621); //object(concretearch03) (232)
CreateDynamicObject(17310,563.38690186,-1692.95458984,1301.29431152,334.87878418,178.16375732,168.10009766); //object(concretearch03) (233)
CreateDynamicObject(17310,561.57995605,-1701.90673828,1296.99426270,334.87426758,178.15979004,168.09631348); //object(concretearch03) (234)
CreateDynamicObject(17310,559.66711426,-1711.37622070,1292.44445801,334.87426758,178.15979004,168.09631348); //object(concretearch03) (235)
CreateDynamicObject(17310,557.98352051,-1720.17944336,1288.21923828,334.87426758,178.15979004,168.09631348); //object(concretearch03) (236)
CreateDynamicObject(17310,556.13946533,-1729.73254395,1284.14440918,340.87130737,178.23657227,168.29986572); //object(concretearch03) (237)
CreateDynamicObject(17310,554.22015381,-1739.33276367,1282.59289551,357.85977173,178.32775879,168.81695557); //object(concretearch03) (238)
CreateDynamicObject(3515,564.88720703,-1747.03710938,1281.12500000,0.00000000,0.00000000,0.00000000); //object(vgsfountain) (8)
CreateDynamicObject(3515,561.58398438,-1746.53784180,1281.12500000,0.00000000,0.00000000,0.00000000); //object(vgsfountain) (9)
CreateDynamicObject(3515,560.19708252,-1746.49487305,1281.12500000,0.00000000,0.00000000,0.00000000); //object(vgsfountain) (10)
CreateDynamicObject(3515,558.51538086,-1746.22851562,1281.12500000,0.00000000,0.00000000,0.00000000); //object(vgsfountain) (11)
CreateDynamicObject(3515,556.38879395,-1745.89257812,1281.12500000,0.00000000,0.00000000,0.00000000); //object(vgsfountain) (12)
CreateDynamicObject(3515,554.28753662,-1745.56054688,1281.12500000,0.00000000,0.00000000,0.00000000); //object(vgsfountain) (13)
CreateDynamicObject(3515,552.01293945,-1745.20117188,1281.12500000,0.00000000,0.00000000,0.00000000); //object(vgsfountain) (14)
CreateDynamicObject(3515,549.18353271,-1744.75146484,1281.12500000,0.00000000,0.00000000,0.00000000); //object(vgsfountain) (15)
CreateDynamicObject(3515,546.83428955,-1744.37988281,1281.12500000,0.00000000,0.00000000,0.00000000); //object(vgsfountain) (16)
CreateDynamicObject(3515,544.96313477,-1744.03369141,1281.12500000,0.00000000,0.00000000,0.00000000); //object(vgsfountain) (17)
CreateDynamicObject(3268,34.54004669,-895.49743652,1761.10998535,0.00000000,0.00000000,90.00000000); //object(mil_hangar1_) (1)


