CreateDynamicObject(18231,664.22058100,-2177.76049800,115.78706400,2.57830000,351.40560000,101.25000000,0,0,-1,1200); //object(cs_landbit_81) (1)
CreateDynamicObject(18231,605.56243900,-2165.27294900,125.69912700,2.57830000,351.40560000,125.91300000,0,0,-1,1200); //object(cs_landbit_81) (2)
CreateDynamicObject(18231,728.05468800,-2238.68310500,108.87989800,2.57830000,351.40560000,58.41310000,0,0,-1,1200); //object(cs_landbit_81) (3)
CreateDynamicObject(18231,730.21405000,-2337.17041000,100.50015300,2.57830000,359.14060000,15.28610000,0,0,-1,1200); //object(cs_landbit_81) (4)
CreateDynamicObject(18231,657.79968300,-2406.47656300,94.47314500,2.57830000,359.14060000,330.28630000,0,0,-1,1200); //object(cs_landbit_81) (5)
CreateDynamicObject(18231,533.94421400,-2214.43457000,111.06539900,2.57830000,359.14060000,194.42700000,0,0,-1,1200); //object(cs_landbit_81) (6)
CreateDynamicObject(18231,535.13238500,-2311.25976600,103.72770700,2.57830000,359.14060000,235.91200000,0,0,-1,1200); //object(cs_landbit_81) (7)
CreateDynamicObject(18231,564.26715100,-2384.97851600,94.82215100,2.57830000,359.14060000,263.64580000,0,0,-1,1200); //object(cs_landbit_81) (8)
CreateDynamicObject(18231,652.12005600,-2369.70117200,49.65311400,48.12840000,114.30510000,162.34220000,0,0,-1,1200); //object(cs_landbit_81) (9)
CreateDynamicObject(18231,575.89166300,-2275.39013700,49.90800500,0.00020000,102.27300000,259.42870000,0,0,-1,1200); //object(cs_landbit_81) (10)
CreateDynamicObject(18231,589.10388200,-2212.66284200,52.24717700,0.00020000,102.27300000,226.76940000,0,0,-1,1200); //object(cs_landbit_81) (11)
CreateDynamicObject(18231,665.38055400,-2209.28540000,36.51295500,17.18900000,91.10030000,224.19100000,0,0,-1,1200); //object(cs_landbit_81) (12)
CreateDynamicObject(18231,669.67620800,-2295.62353500,39.80523700,36.09660000,84.22490000,123.09650000,0,0,-1,1200); //object(cs_landbit_81) (13)
CreateDynamicObject(17027,535.02825900,-2332.33618200,140.82978800,340.23300000,81.64640000,204.37340000,0,0,-1,1200); //object(cunt_rockgp1_03) (1)
CreateDynamicObject(17030,550.60223400,-2321.02832000,136.87359600,0.00000000,51.56610000,304.45480000,0,0,-1,1200); //object(cunt_rockgp2_11) (1)
CreateDynamicObject(17030,544.06573500,-2315.05590800,144.33338900,338.51410000,51.56610000,311.33030000,0,0,-1,1200); //object(cunt_rockgp2_11) (2)
CreateDynamicObject(18231,704.05224600,-2228.03344700,40.97254900,12.03230000,90.24090000,131.84580000,0,0,-1,1200); //object(cs_landbit_81) (14)
CreateDynamicObject(18231,664.99060100,-2306.59082000,25.87973000,20.62670000,75.63050000,95.75090000,0,0,-1,1200); //object(cs_landbit_81) (15)
CreateDynamicObject(18231,708.09741200,-2186.78442400,69.17996200,0.00000000,0.00000000,87.42170000,0,0,-1,1200); //object(cs_landbit_81) (16)
CreateDynamicObject(18228,726.86499000,-2239.10644500,112.50441000,45.55010000,12.03210000,78.44070000,0,0,-1,1200); //object(cunt_rockgp2_21) (1)
CreateDynamicObject(18228,696.74108900,-2218.05200200,135.92832900,45.55010000,12.03210000,89.69060000,0,0,-1,1200); //object(cunt_rockgp2_21) (2)
CreateDynamicObject(18228,713.57318100,-2257.87793000,72.20732100,45.55010000,12.03210000,33.44070000,0,0,-1,1200); //object(cunt_rockgp2_21) (3)
CreateDynamicObject(18228,713.29016100,-2261.26879900,53.55606500,45.55010000,118.60220000,292.02720000,0,0,-1,1200); //object(cunt_rockgp2_21) (4)
CreateDynamicObject(18228,673.75958300,-2347.16674800,53.39963500,45.55010000,118.60220000,292.02720000,0,0,-1,1200); //object(cunt_rockgp2_21) (5)
CreateDynamicObject(18228,615.61084000,-2325.80957000,36.03409200,27.50200000,148.68270000,185.14740000,0,0,-1,1200); //object(cunt_rockgp2_21) (6)
CreateDynamicObject(18228,583.41589400,-2303.82983400,48.37733100,27.50200000,148.68270000,151.62910000,0,0,-1,1200); //object(cunt_rockgp2_21) (7)
CreateDynamicObject(18228,619.53302000,-2302.40527300,41.14920400,27.50200000,148.68270000,151.62910000,0,0,-1,1200); //object(cunt_rockgp2_21) (8)
CreateDynamicObject(18228,540.10638400,-2254.00927700,119.13749700,305.85550000,71.33340000,198.66650000,0,0,-1,1200); //object(cunt_rockgp2_21) (9)
CreateDynamicObject(18228,556.97509800,-2227.48168900,166.02165200,329.91980000,314.23970000,21.42100000,0,0,-1,1200); //object(cunt_rockgp2_21) (10)
CreateDynamicObject(18228,554.05090300,-2204.24511700,153.88328600,270.61860000,291.89380000,339.70730000,0,0,-1,1200); //object(cunt_rockgp2_21) (11)
CreateDynamicObject(17117,610.85009800,-2240.93847700,177.99899300,0.00000000,0.00000000,104.76510000,0,0,-1,1200); //object(cuntwland48b) (1)
CreateDynamicObject(17117,637.96685800,-2311.62231400,173.86239600,0.00000000,0.00000000,296.01510000,0,0,-1,1200); //object(cuntwland48b) (2)
CreateDynamicObject(17117,608.88903800,-2306.81225600,182.75524900,1.71890000,351.40560000,245.23060000,0,0,-1,1200); //object(cuntwland48b) (3)
CreateDynamicObject(17030,592.21069300,-2349.69043000,159.01763900,338.51410000,51.56610000,219.53420000,0,0,-1,1200); //object(cunt_rockgp2_11) (3)
CreateDynamicObject(17030,586.20996100,-2342.75610400,168.87152100,338.51410000,51.56610000,208.28420000,0,0,-1,1200); //object(cunt_rockgp2_11) (4)
CreateDynamicObject(17030,591.07959000,-2329.54931600,179.03059400,338.51410000,51.56610000,140.78420000,0,0,-1,1200); //object(cunt_rockgp2_11) (5)
CreateDynamicObject(17030,561.94787600,-2224.54956100,177.87092600,338.51410000,51.56610000,152.03420000,0,0,-1,1200); //object(cunt_rockgp2_11) (6)
CreateDynamicObject(18228,573.04614300,-2213.67993200,180.21284500,356.56230000,0.00000000,11.95480000,0,0,-1,1200); //object(cunt_rockgp2_21) (12)
CreateDynamicObject(18228,536.06500200,-2225.40844700,147.52786300,356.56230000,273.19700000,4.14250000,0,0,-1,1200); //object(cunt_rockgp2_21) (13)
CreateDynamicObject(691,544.32806400,-2241.39697300,170.71228000,0.00000000,22.34540000,129.67020000,0,0,-1,1200); //object(sm_veg_tree4_big) (1)
CreateDynamicObject(703,595.13360600,-2299.42431600,182.75277700,0.00000000,353.12450000,0.00000000,0,0,-1,1200); //object(sm_veg_tree7_big) (1)
CreateDynamicObject(703,568.38519300,-2348.52978500,170.25212100,0.00000000,320.46590000,42.97180000,0,0,-1,1200); //object(sm_veg_tree7_big) (2)
CreateDynamicObject(703,538.49029500,-2337.48315400,152.96484400,0.00000000,0.00000000,0.00000000,0,0,-1,1200); //object(sm_veg_tree7_big) (3)
CreateDynamicObject(762,535.96246300,-2340.06445300,151.86213700,37.81520000,354.84340000,313.59050000,0,0,-1,1200); //object(new_bushtest) (1)
CreateDynamicObject(762,591.00573700,-2364.98071300,159.79655500,0.00000000,0.00000000,329.91970000,0,0,-1,1200); //object(new_bushtest) (2)
CreateDynamicObject(762,582.32110600,-2363.09252900,156.63531500,24.92370000,0.00000000,262.41970000,0,0,-1,1200); //object(new_bushtest) (3)
CreateDynamicObject(762,545.73236100,-2255.84570300,171.74554400,24.92370000,0.00000000,262.41970000,0,0,-1,1200); //object(new_bushtest) (4)
CreateDynamicObject(762,541.31567400,-2234.27465800,168.51437400,24.92370000,0.00000000,262.41970000,0,0,-1,1200); //object(new_bushtest) (5)
CreateDynamicObject(762,545.65362500,-2210.92260700,180.97177100,32.65860000,341.09240000,262.41970000,0,0,-1,1200); //object(new_bushtest) (6)
CreateDynamicObject(762,543.81872600,-2199.40673800,166.58581500,20.62650000,341.09240000,285.62450000,0,0,-1,1200); //object(new_bushtest) (7)
CreateDynamicObject(762,692.08819600,-2188.87475600,117.53341700,4.29720000,299.83950000,224.60460000,0,0,-1,1200); //object(new_bushtest) (8)
CreateDynamicObject(762,552.93347200,-2289.20605500,165.27493300,2.57830000,260.30540000,177.33500000,0,0,-1,1200); //object(new_bushtest) (9)
CreateDynamicObject(8882,612.42962600,-2255.91113300,210.13670300,0.00000000,0.00000000,296.24730000,0,0,-1,1200); //object(excalibur03_lvs) (1)
CreateDynamicObject(9078,614.97265625,-2201.65820312,196.15202332,0.00000000,0.00000000,121.16821289,0,0,-1,1200); //object(excalibur04_lvs) (1)
CreateDynamicObject(8881,619.70642100,-2306.83960000,210.02819800,0.00000000,0.00000000,296.79720000,0,0,-1,1200); //object(excalibur02_lvs) (1)
CreateDynamicObject(8881,610.87780800,-2323.12768600,212.64984100,0.00000000,0.00000000,294.37350000,0,0,-1,1200); //object(excalibur02_lvs) (2)
CreateDynamicObject(8620,564.56298800,-2208.59521500,198.05175800,0.00000000,0.00000000,26.09250000,0,0,-1,1200); //object(exclbrsign01_lvs) (1)
CreateDynamicObject(8493,603.65136700,-2160.12646500,205.37898300,0.00000000,0.00000000,94.37450000,0,0,-1,1200); //object(pirtshp01_lvs) (1)
CreateDynamicObject(943,607.83203100,-2160.04980500,193.88977100,0.00000000,0.00000000,3.43770000,0,0,-1,1200); //object(generator_low) (1)
CreateDynamicObject(934,620.95489500,-2159.32446300,194.41819800,0.00000000,0.00000000,185.15670000,0,0,-1,1200); //object(generator_big) (1)
CreateDynamicObject(1689,642.31439200,-2157.65454100,196.90550200,299.83940000,0.00000000,270.00000000,0,0,-1,1200); //object(gen_roofbit3) (1)
CreateDynamicObject(1691,596.23260500,-2161.12500000,195.04255700,0.00000000,0.00000000,2.65560000,0,0,-1,1200); //object(gen_roofbit5) (1)
CreateDynamicObject(3258,618.22180200,-2156.85302700,190.93212900,265.46200000,77.34920000,5.15660000,0,0,-1,1200); //object(refthinchim1) (1)
CreateDynamicObject(3258,618.36090100,-2162.92871100,190.38674900,265.46200000,77.34920000,340.23300000,0,0,-1,1200); //object(refthinchim1) (2)
CreateDynamicObject(3287,635.28772000,-2165.84301800,195.90860000,0.00000000,320.46590000,97.81230000,0,0,-1,1200); //object(cxrf_oiltank) (1)
CreateDynamicObject(3287,634.62426800,-2150.94628900,195.92221100,179.51820000,229.36560000,271.79620000,0,0,-1,1200); //object(cxrf_oiltank) (2)
CreateDynamicObject(16079,576.86792000,-2230.91674800,197.82234200,2.57830000,18.90760000,281.25000000,0,0,-1,1200); //object(des_quarrybelt09) (1)
CreateDynamicObject(18228,673.69897500,-2211.30273400,159.50080900,35.23690000,20.62650000,83.75190000,0,0,-1,1200); //object(cunt_rockgp2_21) (14)
CreateDynamicObject(18228,693.20001200,-2238.35473600,160.15687600,22.34540000,6.01610000,81.09630000,0,0,-1,1200); //object(cunt_rockgp2_21) (15)
CreateDynamicObject(18228,715.80706800,-2294.05200200,145.97546400,311.87160000,299.83950000,220.22090000,0,0,-1,1200); //object(cunt_rockgp2_21) (16)
CreateDynamicObject(18228,727.03619400,-2289.90087900,122.45762600,311.87160000,220.77120000,130.76160000,0,0,-1,1200); //object(cunt_rockgp2_21) (17)
CreateDynamicObject(18228,678.89209000,-2362.77563500,143.68687400,311.87160000,299.83950000,174.67040000,0,0,-1,1200); //object(cunt_rockgp2_21) (18)
CreateDynamicObject(18228,611.26049800,-2384.09057600,141.40150500,311.87160000,288.66680000,101.61850000,0,0,-1,1200); //object(cunt_rockgp2_21) (19)
CreateDynamicObject(18228,634.57183800,-2179.06762700,94.33874500,241.39780000,264.60260000,307.08390000,0,0,-1,1200); //object(cunt_rockgp2_21) (20)
CreateDynamicObject(18228,633.60229500,-2176.48657200,69.82717900,241.39780000,264.60260000,302.94160000,0,0,-1,1200); //object(cunt_rockgp2_21) (21)
CreateDynamicObject(18228,630.01965300,-2189.77636700,68.17134100,241.39780000,264.60260000,10.44160000,0,0,-1,1200); //object(cunt_rockgp2_21) (22)
CreateDynamicObject(18228,651.15991200,-2187.52880900,53.56886300,175.22070000,18.04820000,67.63650000,0,0,-1,1200); //object(cunt_rockgp2_21) (23)
CreateDynamicObject(18228,635.80242900,-2271.29956100,35.42245500,175.22070000,349.68680000,312.25820000,0,0,-1,1200); //object(cunt_rockgp2_21) (24)
CreateDynamicObject(1683,622.36718750,-2161.15625000,192.15347290,0.00000000,0.00000000,186.09191895,0,0,-1,1200); //object(ap_jumbo_01) (1)
CreateDynamicObject(10757,595.75470000,-2161.42651400,193.28750600,0.85940000,8.59440000,270.00000000,0,0,-1,1200); //object(airport_04_sfse) (1)
CreateDynamicObject(3258,599.94708300,-2159.19726600,188.07470700,265.46200000,77.34920000,353.04720000,0,0,-1,1200); //object(refthinchim1) (3)
CreateDynamicObject(3258,599.81628400,-2162.88110400,188.16058300,265.46200000,77.34920000,351.32830000,0,0,-1,1200); //object(refthinchim1) (4)
CreateDynamicObject(3259,638.04852300,-2157.95434600,188.37620500,358.28110000,269.75910000,6.01610000,0,0,-1,1200); //object(refcondens1) (1)
CreateDynamicObject(3259,600.07623300,-2158.85546900,189.83326700,91.10030000,269.75910000,191.17280000,0,0,-1,1200); //object(refcondens1) (2)
CreateDynamicObject(1687,633.06549100,-2158.48852500,194.85759000,0.00000000,0.00000000,273.51510000,0,0,-1,1200); //object(gen_roofbit1) (1)
CreateDynamicObject(3865,600.93927000,-2161.42578100,187.79563900,350.54620000,317.88760000,277.73490000,0,0,-1,1200); //object(concpipe_sfxrf) (1)
CreateDynamicObject(3865,609.30352800,-2160.65502900,187.22085600,0.00000000,0.00000000,274.37460000,0,0,-1,1200); //object(concpipe_sfxrf) (2)
CreateDynamicObject(3865,618.33392300,-2159.99047900,187.42924500,0.00000000,0.00000000,274.37460000,0,0,-1,1200); //object(concpipe_sfxrf) (3)
CreateDynamicObject(3865,627.38360600,-2159.28344700,187.58247400,0.00000000,0.00000000,274.37460000,0,0,-1,1200); //object(concpipe_sfxrf) (4)
CreateDynamicObject(3865,636.23950200,-2158.60961900,187.98672500,3.43770000,313.59050000,274.37460000,0,0,-1,1200); //object(concpipe_sfxrf) (5)
CreateDynamicObject(18228,637.30261200,-2183.86767600,154.26973000,53.28510000,24.92370000,134.45880000,0,0,-1,1200); //object(cunt_rockgp2_21) (25)
CreateDynamicObject(689,652.87231400,-2234.89672900,176.47354100,0.00000000,0.00000000,0.00000000,0,0,-1,1200); //object(sm_fir_copse1) (1)
CreateDynamicObject(689,633.76977500,-2205.14917000,177.01980600,0.00000000,0.00000000,0.00000000,0,0,-1,1200); //object(sm_fir_copse1) (2)
CreateDynamicObject(689,651.92663600,-2209.99755900,166.41465800,0.00000000,0.00000000,0.00000000,0,0,-1,1200); //object(sm_fir_copse1) (3)
CreateDynamicObject(689,672.60491900,-2212.09912100,164.19981400,0.00000000,0.00000000,0.00000000,0,0,-1,1200); //object(sm_fir_copse1) (4)
CreateDynamicObject(689,678.31762700,-2231.96777300,167.39325000,0.00000000,0.00000000,0.00000000,0,0,-1,1200); //object(sm_fir_copse1) (5)
CreateDynamicObject(689,689.05938700,-2248.04248000,168.28833000,0.00000000,0.00000000,0.00000000,0,0,-1,1200); //object(sm_fir_copse1) (6)
CreateDynamicObject(689,707.58660900,-2268.26538100,159.40814200,0.00000000,0.00000000,0.00000000,0,0,-1,1200); //object(sm_fir_copse1) (7)
CreateDynamicObject(689,669.51757800,-2252.56396500,174.32685900,0.00000000,0.00000000,0.00000000,0,0,-1,1200); //object(sm_fir_copse1) (8)
CreateDynamicObject(689,636.07067900,-2352.89721700,180.86346400,0.00000000,0.00000000,0.00000000,0,0,-1,1200); //object(sm_fir_copse1) (9)
CreateDynamicObject(689,651.46582000,-2356.64086900,172.85162400,0.00000000,0.00000000,0.00000000,0,0,-1,1200); //object(sm_fir_copse1) (10)
CreateDynamicObject(689,669.62316900,-2343.27587900,172.81057700,0.00000000,0.00000000,0.00000000,0,0,-1,1200); //object(sm_fir_copse1) (11)
CreateDynamicObject(689,684.40643300,-2340.09838900,154.86831700,0.00000000,0.00000000,0.00000000,0,0,-1,1200); //object(sm_fir_copse1) (12)
CreateDynamicObject(689,665.11834700,-2322.43530300,176.78396600,0.00000000,0.00000000,0.00000000,0,0,-1,1200); //object(sm_fir_copse1) (13)
CreateDynamicObject(689,667.54321300,-2300.84106400,170.98248300,0.00000000,0.00000000,315.30930000,0,0,-1,1200); //object(sm_fir_copse1) (14)
CreateDynamicObject(689,670.10290500,-2279.66235400,168.90832500,0.00000000,0.00000000,311.01210000,0,0,-1,1200); //object(sm_fir_copse1) (15)
CreateDynamicObject(689,690.09204100,-2287.26586900,165.01211500,0.00000000,0.00000000,311.01210000,0,0,-1,1200); //object(sm_fir_copse1) (16)
CreateDynamicObject(689,702.93786600,-2298.70898400,158.56623800,0.00000000,0.00000000,311.01210000,0,0,-1,1200); //object(sm_fir_copse1) (17)
CreateDynamicObject(689,681.24548300,-2320.26440400,164.88406400,0.00000000,0.00000000,311.01210000,0,0,-1,1200); //object(sm_fir_copse1) (18)
CreateDynamicObject(689,693.38964844,-2322.76269531,158.51855469,0.00000000,0.00000000,311.01196289,0,0,-1,1200); //object(sm_fir_copse1) (19)
CreateDynamicObject(689,685.37377900,-2265.02563500,168.05903600,0.00000000,0.00000000,311.01210000,0,0,-1,1200); //object(sm_fir_copse1) (20)
CreateDynamicObject(689,564.09936500,-2258.59106400,172.91143800,0.00000000,0.00000000,311.01210000,0,0,-1,1200); //object(sm_fir_copse1) (21)
CreateDynamicObject(689,565.04052700,-2277.27587900,175.42076100,0.00000000,0.00000000,311.01210000,0,0,-1,1200); //object(sm_fir_copse1) (22)
CreateDynamicObject(689,557.83709700,-2288.72656300,167.04853800,0.00000000,0.00000000,311.01210000,0,0,-1,1200); //object(sm_fir_copse1) (23)
CreateDynamicObject(689,550.67157000,-2267.93505900,163.53186000,0.00000000,0.00000000,311.01210000,0,0,-1,1200); //object(sm_fir_copse1) (24)
CreateDynamicObject(689,568.94110100,-2239.51464800,175.56205700,0.00000000,0.00000000,311.01210000,0,0,-1,1200); //object(sm_fir_copse1) (25)
CreateDynamicObject(689,600.51702900,-2206.10498000,177.32760600,0.00000000,0.00000000,311.01210000,0,0,-1,1200); //object(sm_fir_copse1) (26)
CreateDynamicObject(689,586.78027300,-2228.86572300,181.87609900,0.00000000,0.00000000,311.01210000,0,0,-1,1200); //object(sm_fir_copse1) (27)
CreateDynamicObject(689,582.43762200,-2211.96191400,183.94923400,0.00000000,0.00000000,311.01210000,0,0,-1,1200); //object(sm_fir_copse1) (28)
CreateDynamicObject(689,549.76367200,-2196.99536100,145.98657200,0.00000000,0.00000000,311.01210000,0,0,-1,1200); //object(sm_fir_copse1) (29)
CreateDynamicObject(689,529.17236300,-2261.72412100,121.85108900,0.00000000,0.00000000,259.44590000,0,0,-1,1200); //object(sm_fir_copse1) (30)
CreateDynamicObject(689,527.20178200,-2220.26611300,153.49563600,0.00000000,0.00000000,259.44590000,0,0,-1,1200); //object(sm_fir_copse1) (31)
CreateDynamicObject(689,542.81634500,-2311.83593800,122.13749700,0.00000000,0.00000000,259.44590000,0,0,-1,1200); //object(sm_fir_copse1) (32)
CreateDynamicObject(689,545.43304400,-2287.58252000,148.87696800,0.00000000,0.00000000,259.44590000,0,0,-1,1200); //object(sm_fir_copse1) (33)
CreateDynamicObject(689,563.15380900,-2320.37670900,158.11731000,0.00000000,0.00000000,259.44590000,0,0,-1,1200); //object(sm_fir_copse1) (34)
CreateDynamicObject(689,556.16900600,-2302.43408200,158.45755000,0.00000000,0.00000000,259.44590000,0,0,-1,1200); //object(sm_fir_copse1) (35)
CreateDynamicObject(689,568.75830100,-2339.57397500,174.30810500,0.00000000,0.00000000,259.44590000,0,0,-1,1200); //object(sm_fir_copse1) (36)
CreateDynamicObject(689,630.34075900,-2394.88232400,142.85525500,0.00000000,0.00000000,259.44590000,0,0,-1,1200); //object(sm_fir_copse1) (37)
CreateDynamicObject(18228,692.10107400,-2372.29931600,118.50219700,311.87160000,259.44600000,108.64870000,0,0,-1,1200); //object(cunt_rockgp2_21) (26)
CreateDynamicObject(18228,580.54705800,-2386.77856400,112.73234600,311.87160000,307.57440000,50.52500000,0,0,-1,1200); //object(cunt_rockgp2_21) (27)
CreateDynamicObject(18228,593.27935800,-2417.06860400,95.18136600,311.87160000,286.94790000,79.11840000,0,0,-1,1200); //object(cunt_rockgp2_21) (28)
CreateDynamicObject(18228,619.71850600,-2421.72192400,93.98837300,311.87160000,286.94790000,90.36850000,0,0,-1,1200); //object(cunt_rockgp2_21) (29)
CreateDynamicObject(18228,624.06353800,-2417.27246100,82.11679100,39.53410000,142.56190000,213.16450000,0,0,-1,1200); //object(cunt_rockgp2_21) (30)
CreateDynamicObject(18228,601.90429688,-2397.22949219,127.53164673,311.86889648,283.50769043,73.95996094,0,0,-1,1200); //object(cunt_rockgp2_21) (31)
CreateDynamicObject(689,589.73541300,-2406.23364300,118.80351300,0.00000000,0.00000000,259.44590000,0,0,-1,1200); //object(sm_fir_copse1) (38)
CreateDynamicObject(689,603.22631800,-2412.39526400,106.30723600,0.00000000,0.00000000,259.44590000,0,0,-1,1200); //object(sm_fir_copse1) (39)
CreateDynamicObject(689,614.33654800,-2427.51171900,94.66835000,0.00000000,0.00000000,259.44590000,0,0,-1,1200); //object(sm_fir_copse1) (40)
CreateDynamicObject(689,631.40948500,-2425.50976600,86.69340500,0.00000000,0.00000000,259.44590000,0,0,-1,1200); //object(sm_fir_copse1) (41)
CreateDynamicObject(689,690.60583500,-2373.54126000,129.99005100,0.00000000,0.00000000,259.44590000,0,0,-1,1200); //object(sm_fir_copse1) (42)
CreateDynamicObject(689,685.17675781,-2383.85546875,115.40258789,0.00000000,0.00000000,259.44213867,0,0,-1,1200); //object(sm_fir_copse1) (43)
CreateDynamicObject(689,729.79968300,-2229.60498000,107.84297200,0.00000000,0.00000000,259.44590000,0,0,-1,1200); //object(sm_fir_copse1) (44)
CreateDynamicObject(689,737.05560300,-2288.47094700,119.50672900,0.00000000,0.00000000,259.44590000,0,0,-1,1200); //object(sm_fir_copse1) (45)
CreateDynamicObject(689,698.44146700,-2214.48877000,146.24847400,0.00000000,0.00000000,259.44590000,0,0,-1,1200); //object(sm_fir_copse1) (46)
CreateDynamicObject(689,661.79119900,-2185.48877000,142.99078400,0.00000000,0.00000000,259.44590000,0,0,-1,1200); //object(sm_fir_copse1) (47)
CreateDynamicObject(18228,612.21875000,-2211.47363281,174.52445984,37.81494141,22.34069824,45.93383789,0,0,-1,1200); //object(cunt_rockgp2_21) (32)
CreateDynamicObject(18228,610.57647700,-2209.83422900,177.06970200,37.81520000,22.34540000,192.18680000,0,0,-1,1200); //object(cunt_rockgp2_21) (33)
CreateDynamicObject(1243,539.92450000,-2175.68212900,203.78578200,0.00000000,0.00000000,0.00000000,0,0,-1,1200); //object(bouy) (1)
CreateDynamicObject(1243,664.46453900,-2143.41040000,224.25640900,0.00000000,0.00000000,0.00000000,0,0,-1,1200); //object(bouy) (2)
CreateDynamicObject(1243,737.63592500,-2242.01147500,231.76509100,0.00000000,0.00000000,0.00000000,0,0,-1,1200); //object(bouy) (3)
CreateDynamicObject(1243,582.35314900,-2386.33252000,193.86920200,0.00000000,0.00000000,0.00000000,0,0,-1,1200); //object(bouy) (4)
CreateDynamicObject(16779,611.66931200,-2169.54736300,205.37318400,0.00000000,91.10020000,0.00000000,0,0,-1,1200); //object(ufo_light02) (1)
CreateDynamicObject(16779,610.23364300,-2150.90991200,205.56950400,0.00000000,91.10020000,0.00000000,0,0,-1,1200); //object(ufo_light02) (2)
CreateDynamicObject(16779,623.93933100,-2149.69189500,203.50117500,91.10030000,353.98390000,98.83520000,0,0,-1,1200); //object(ufo_light02) (3)
CreateDynamicObject(16779,624.93347200,-2164.76269500,202.83480800,91.10030000,353.98390000,98.83520000,0,0,-1,1200); //object(ufo_light02) (4)
CreateDynamicObject(16779,610.64807100,-2156.45214800,205.51231400,91.10030000,353.98390000,98.83520000,0,0,-1,1200); //object(ufo_light02) (5)
CreateDynamicObject(16779,611.17761200,-2163.71875000,205.41462700,91.10030000,353.98390000,98.83520000,0,0,-1,1200); //object(ufo_light02) (6)
CreateDynamicObject(16779,579.06182900,-2160.73608400,195.51167300,91.10030000,353.98390000,98.83520000,0,0,-1,1200); //object(ufo_light02) (7)
CreateDynamicObject(16779,579.33825700,-2164.73852500,195.68214400,91.10030000,353.98390000,98.83520000,0,0,-1,1200); //object(ufo_light02) (8)
CreateDynamicObject(9833,617.35376000,-2223.53588900,206.37019300,0.00000000,0.00000000,0.00000000,0,0,-1,1200); //object(fountain_sfw) (1)
CreateDynamicObject(6965,603.27685500,-2289.68920900,201.39065600,0.00000000,0.00000000,0.00000000,0,0,-1,1200); //object(venefountain02) (1)
CreateDynamicObject(6965,600.42639200,-2249.39331100,196.93040500,0.00000000,0.00000000,0.00000000,0,0,-1,1200); //object(venefountain02) (2)
CreateDynamicObject(3877,531.55822800,-2207.44043000,171.63438400,0.00000000,0.00000000,353.12450000,0,0,-1,1200); //object(sf_rooflite) (1)
CreateDynamicObject(3877,701.32690400,-2235.94116200,179.48730500,0.00000000,0.00000000,353.12450000,0,0,-1,1200); //object(sf_rooflite) (2)
CreateDynamicObject(3877,717.85314900,-2303.17016600,163.27032500,0.00000000,0.00000000,353.12450000,0,0,-1,1200); //object(sf_rooflite) (3)
CreateDynamicObject(3472,615.68023700,-2197.08984400,192.98338300,0.00000000,0.00000000,0.00000000,0,0,-1,1200); //object(circuslampost03) (1)
CreateDynamicObject(3472,614.93115200,-2181.40747100,193.10981800,0.00000000,0.00000000,0.00000000,0,0,-1,1200); //object(circuslampost03) (2)
CreateDynamicObject(3472,614.13305700,-2169.28320300,193.10345500,0.00000000,0.00000000,0.00000000,0,0,-1,1200); //object(circuslampost03) (3)
CreateDynamicObject(3472,656.18902600,-2255.73877000,211.02929700,0.00000000,0.00000000,0.00000000,0,0,-1,1200); //object(circuslampost03) (4)
CreateDynamicObject(3472,567.77856400,-2321.68310500,214.46431000,0.00000000,0.00000000,0.00000000,0,0,-1,1200); //object(circuslampost03) (5)
CreateDynamicObject(9078,617.00671387,-2201.61547852,185.43745422,177.91497803,1.75000000,65.50820923,0,0,-1,1200); //object(excalibur04_lvs) (2)
CreateDynamicObject(18228,618.08642578,-2219.75805664,174.52445984,37.81494141,22.34069824,45.93383789,0,0,-1,1200); //object(cunt_rockgp2_21) (34)
CreateDynamicObject(689,714.69433594,-2338.18164062,138.64810181,0.00000000,0.00000000,311.01196289,0,0,-1,1200); //object(sm_fir_copse1) (48)
CreateDynamicObject(689,595.00921631,-2369.30932617,143.97634888,0.00000000,0.00000000,259.44213867,0,0,-1,1200); //object(sm_fir_copse1) (49)

/*
Objects converted: 173
Vehicles converted: 0
Vehicle models found: 0
----------------------
In the time this conversion took to finish a hummingbird could have flapped it's wings 6.83 times!
*/


