
// libertycity - poprawione
	
CreateDynamicObject(972,-716.50000000,503.30000000,1370.70000000,0.00000000,0.00000000,340.00000000,0,1,-1,300); //convertffs(0)
CreateDynamicObject(972,-726.70000000,483.40000000,1370.70000000,0.00000000,0.00000000,325.00000000,0,1,-1,300); //convertffs(1)
CreateDynamicObject(972,-743.00000000,467.80000000,1368.70000000,7.00000000,0.00000000,305.00000000,0,1,-1,300); //convertffs(2)
CreateDynamicObject(972,-763.00000000,456.00000000,1365.90000000,9.00000000,0.00000000,298.00000000,0,1,-1,300); //convertffs(3)
CreateDynamicObject(972,-783.00000000,449.80000000,1362.30000000,10.00000000,0.00000000,277.00000000,0,1,-1,300); //convertffs(4)
CreateDynamicObject(972,-807.00000000,448.50000000,1355.00000000,10.00000000,0.00000000,270.00000000,0,1,-1,300); //convertffs(5)
CreateDynamicObject(972,-826.50000000,448.00000000,1352.00000000,10.00000000,0.00000000,272.00000000,0,1,-1,300); //convertffs(6)
CreateDynamicObject(972,-851.00000000,440.00000000,1349.00000000,7.00000000,0.00000000,300.00000000,0,1,-1,300); //convertffs(7)
CreateDynamicObject(972,-889.90000000,443.70000000,1343.00000000,7.00000000,0.00000000,270.00000000,0,1,-1,300); //convertffs(8)
CreateDynamicObject(5013,-725.65216100,562.02349900,1371.09912100,0.00000000,0.00000000,0.00000000,0,1,-1,300); //convertffs(9)
CreateDynamicObject(4848,-874.10443100,435.15048200,1349.46594200,0.00000000,0.00000000,0.00010000,0,1,-1,300); //convertffs(10)
CreateDynamicObject(4848,-855.98230000,435.17410300,1354.28503400,0.00000000,0.00000000,0.00010000,0,1,-1,300); //convertffs(11)
CreateDynamicObject(4848,-804.67163100,480.66503900,1361.18627900,0.00000000,11.17270000,180.00000000,0,1,-1,300); //convertffs(12)
CreateDynamicObject(4848,-834.64172400,480.66406300,1355.24755900,0.00000000,11.17270000,180.00000000,0,1,-1,300); //convertffs(13)
CreateDynamicObject(4848,-806.04553200,480.36514300,1373.52941900,0.00000000,0.85940000,180.00000000,0,1,-1,300); //convertffs(14)
CreateDynamicObject(4848,-756.11145000,518.32141100,1375.09411600,0.00000000,0.85940000,180.85950000,0,1,-1,300); //convertffs(15)
CreateDynamicObject(4848,-772.10083000,518.26373300,1379.73388700,0.00000000,0.85940000,180.00000000,0,1,-1,300); //convertffs(16)
CreateDynamicObject(4848,-793.71020500,518.11724900,1384.03759800,0.00000000,0.85940000,180.00000000,0,1,-1,300); //convertffs(17)
CreateDynamicObject(17531,-864.99530000,482.23559600,1351.66699200,359.14060000,0.85940000,270.00000000,0,1,-1,300); //convertffs(18)
CreateDynamicObject(13132,-914.07360800,508.13241600,1349.23706100,0.00000000,0.00000000,180.00000000,0,1,-1,300); //convertffs(19)
CreateDynamicObject(7019,-934.66406300,431.02520800,1349.47619600,0.00000000,0.00000000,0.00000000,0,1,-1,300); //convertffs(20)
CreateDynamicObject(8428,-910.62762500,440.31259200,1349.08862300,0.00000000,0.00000000,90.00000000,0,1,-1,300); //convertffs(21)
CreateDynamicObject(4848,-855.64502000,438.94522100,1345.90783700,0.00000000,354.84340000,0.00010000,0,1,-1,300); //convertffs(22)
CreateDynamicObject(4848,-875.45440700,438.74728400,1343.99121100,0.00000000,353.98390000,0.00010000,0,1,-1,300); //convertffs(23)
CreateDynamicObject(1505,-848.60852100,441.33715800,1351.96557600,0.00000000,0.00000000,0.00000000,0,1,-1,300); //convertffs(24)
CreateDynamicObject(1505,-858.61267100,441.43713400,1351.07922400,0.00000000,0.00000000,0.00000000,0,1,-1,300); //convertffs(25)
CreateDynamicObject(1505,-868.58929400,441.38851900,1349.96508800,0.00000000,0.00000000,0.00000000,0,1,-1,300); //convertffs(26)
CreateDynamicObject(1505,-878.57696500,441.31353800,1349.04711900,0.00000000,0.00000000,0.00000000,0,1,-1,300); //convertffs(27)
CreateDynamicObject(1505,-888.61578400,441.28854400,1348.00634800,0.00000000,0.00000000,0.00000000,0,1,-1,300); //convertffs(28)
CreateDynamicObject(9949,-703.43859900,550.05651900,1382.98986800,0.00000000,0.00000000,0.00000000,0,1,-1,300); //convertffs(29)
CreateDynamicObject(5013,-900.72741700,513.12017800,1346.01257300,0.00000000,0.00000000,0.00000000,0,1,-1,300); //convertffs(30)
CreateDynamicObject(4848,-884.36694300,531.00616500,1349.64880400,0.00000000,0.00000000,270.00010000,0,1,-1,300); //convertffs(31)
CreateDynamicObject(4848,-883.88995400,550.30004900,1349.68444800,0.00000000,0.00000000,270.00010000,0,1,-1,300); //convertffs(32)
CreateDynamicObject(5013,-900.68457000,593.99841300,1346.01745600,0.00000000,0.00000000,180.00000000,0,1,-1,300); //convertffs(33)
CreateDynamicObject(4848,-875.27349900,499.45977800,1348.13439900,0.00000000,0.00000000,0.00010000,0,1,-1,300); //convertffs(34)
CreateDynamicObject(4848,-884.32769800,488.43655400,1348.08813500,2.57830000,0.00000000,90.00000000,0,1,-1,300); //convertffs(35)
CreateDynamicObject(4848,-734.82800300,572.85748300,1367.38354500,0.00000000,0.00000000,90.00010000,0,1,-1,300); //convertffs(36)
CreateDynamicObject(734,-732.62860100,472.51477100,1370.28540000,0.00000000,0.00000000,314.99990000,0,1,-1,300); //convertffs(37)
CreateDynamicObject(733,-716.28466800,492.07434100,1366.06433100,0.00000000,0.00000000,213.74990000,0,1,-1,300); //convertffs(38)
CreateDynamicObject(728,-719.14593500,500.96743800,1371.29956100,0.00000000,0.00000000,213.74990000,0,1,-1,300); //convertffs(39)
CreateDynamicObject(4848,-846.88275100,587.40252700,1347.23767100,0.00000000,6.87550000,179.14060000,0,1,-1,300); //convertffs(40)
CreateDynamicObject(4848,-850.96704100,589.09735100,1353.54834000,0.00000000,6.87550000,180.00000000,0,1,-1,300); //convertffs(41)
CreateDynamicObject(4848,-824.48364300,587.99133300,1355.55127000,0.00000000,0.85940000,180.00000000,0,1,-1,300); //convertffs(42)
CreateDynamicObject(4848,-796.85699500,588.04541000,1361.39184600,0.00000000,9.45380000,180.00000000,0,1,-1,300); //convertffs(43)
CreateDynamicObject(4848,-775.65661600,588.05328400,1367.13757300,0.00000000,9.45380000,180.00000000,0,1,-1,300); //convertffs(44)
CreateDynamicObject(4848,-756.10827600,588.04260300,1370.78674300,0.00000000,9.45380000,180.00000000,0,1,-1,300); //convertffs(45)
CreateDynamicObject(4848,-883.01409900,510.68707300,1348.03491200,0.00000000,0.00000000,90.00000000,0,1,-1,300); //convertffs(46)
CreateDynamicObject(4848,-884.49377400,515.00787400,1343.09606900,354.84340000,0.00000000,90.00000000,0,1,-1,300); //convertffs(47)
CreateDynamicObject(4848,-754.29992700,578.76953100,1363.45349100,0.00000000,16.32930000,180.00000000,0,1,-1,300); //convertffs(48)
CreateDynamicObject(3361,-847.85778800,440.79345700,1352.26049800,0.00000000,0.00000000,90.00000000,0,1,-1,300); //convertffs(49)
CreateDynamicObject(3361,-857.86291500,440.70117200,1351.19885300,0.00000000,0.00000000,90.00000000,0,1,-1,300); //convertffs(50)
CreateDynamicObject(3361,-867.89495800,440.73867800,1350.16857900,0.00000000,0.00000000,90.00000000,0,1,-1,300); //convertffs(51)
CreateDynamicObject(3361,-877.88824500,440.86352500,1349.35876500,0.00000000,0.00000000,90.00000000,0,1,-1,300); //convertffs(52)
CreateDynamicObject(3361,-887.78588900,440.72259500,1348.14514200,0.00000000,0.00000000,90.00000000,0,1,-1,300); //convertffs(53)
CreateDynamicObject(4848,-738.69635000,542.28002900,1367.55285600,0.00000000,0.00000000,90.00010000,0,1,-1,300); //convertffs(54)
CreateDynamicObject(13006,-941.91632100,546.66711400,1345.82849100,0.00000000,0.00000000,271.71890000,0,1,-1,300); //convertffs(55)
CreateDynamicObject(10063,-924.53106700,590.26446500,1359.22534200,0.00000000,0.00000000,90.00000000,0,1,-1,300); //convertffs(56)
CreateDynamicObject(18240,-929.70819100,567.41705300,1345.96118200,0.00000000,0.00000000,270.00030000,0,1,-1,300); //convertffs(57)
CreateDynamicObject(18240,-944.67828400,533.11877400,1345.78625500,0.00000000,0.00000000,91.71890000,0,1,-1,300); //convertffs(58)
CreateDynamicObject(10063,-901.03912400,609.32299800,1359.15686000,0.00000000,0.00000000,0.00000000,0,1,-1,300); //convertffs(59)
CreateDynamicObject(4848,-875.03704800,586.98468000,1343.83032200,0.00000000,6.87550000,179.14060000,0,1,-1,300); //convertffs(60)
CreateDynamicObject(823,-822.22979700,576.55493200,1355.51318400,0.00000000,0.00000000,0.00000000,0,1,-1,300); //convertffs(61)
CreateDynamicObject(1506,-908.65448000,510.71670500,1346.18164100,0.00000000,0.00000000,270.00000000,0,1,-1,300); //convertffs(62)
CreateDynamicObject(1506,-890.68188500,541.32598900,1346.20690900,0.00000000,0.00000000,270.00000000,0,1,-1,300); //convertffs(63)
CreateDynamicObject(4848,-756.05023200,519.41351300,1375.23120100,0.00000000,0.85940000,0.00010000,0,1,-1,300); //convertffs(64)
CreateDynamicObject(5017,-917.12091100,488.68081700,1349.39050300,0.00000000,0.00000000,0.00000000,0,1,-1,300); //convertffs(65)
CreateDynamicObject(1506,-910.03668200,496.85543800,1346.12426800,0.00000000,0.00000000,270.00000000,0,1,-1,300); //convertffs(66)
CreateDynamicObject(4848,-926.39318800,517.13665800,1347.42248500,0.00000000,0.00000000,0.00010000,0,1,-1,300); //convertffs(67)
CreateDynamicObject(4848,-884.88916000,600.67474400,1342.46350100,0.00000000,0.00000000,270.00010000,0,1,-1,300); //convertffs(68)
CreateDynamicObject(734,-750.75817900,447.28872700,1363.65051300,0.00000000,0.00000000,0.00000000,0,1,-1,300); //convertffs(69)
CreateDynamicObject(4848,-744.25311300,550.31622300,1374.57910200,89.38140000,0.00000000,90.00010000,0,1,-1,300); //convertffs(70)
CreateDynamicObject(4848,-744.22399900,532.37921100,1374.72851600,90.24080000,0.00000000,90.00010000,0,1,-1,300); //convertffs(71)
CreateDynamicObject(4848,-744.25457800,587.67614700,1374.55407700,90.24080000,0.00000000,90.00010000,0,1,-1,300); //convertffs(72)
CreateDynamicObject(4848,-747.03979500,550.15448000,1374.92871100,89.38140000,0.00000000,270.00010000,0,1,-1,300); //convertffs(73)
CreateDynamicObject(4880,-715.17157000,596.16961700,1376.88989300,0.00000000,0.00000000,180.00000000,0,1,-1,300); //convertffs(74)
CreateDynamicObject(733,-764.17572000,446.85501100,1364.11828600,0.00000000,0.00000000,281.24990000,0,1,-1,300); //convertffs(75)
CreateDynamicObject(4848,-925.89141800,478.26486200,1347.07763700,356.56230000,0.00000000,0.00010000,0,1,-1,300); //convertffs(76)

	
// mullholland hideout - domek przy skarpie
	
CreateDynamicObject(3361,953.84783900,-862.98449700,85.07395200,0.00000000,0.00000000,-154.92165715,0,0,-1,300); //object
CreateDynamicObject(9339,946.50073200,-857.00170900,83.00000000,0.00000000,90.24079544,25.07830540,0,0,-1,300); //object(1)
CreateDynamicObject(9339,945.32458500,-857.55224600,83.00000000,0.00000000,90.24079544,25.07830540,0,0,-1,300); //object(2)
CreateDynamicObject(9339,944.14843800,-858.10278300,83.00000000,0.00000000,90.24079544,25.07830540,0,0,-1,300); //object(3)
CreateDynamicObject(9339,942.97229000,-858.65332000,83.00000000,0.00000000,90.24079544,25.07830540,0,0,-1,300); //object(4)
CreateDynamicObject(9339,941.79614300,-859.20385700,83.00000000,0.00000000,90.24079544,25.07830540,0,0,-1,300); //object(5)
CreateDynamicObject(3361,955.46331800,-857.45587200,89.18376900,0.00000000,0.00000000,-64.92167588,0,0,-1,300); //object(6)
CreateDynamicObject(3361,954.69854700,-855.80835000,90.42281300,0.00000000,0.00000000,-64.92167588,0,0,-1,300); //object(7)
CreateDynamicObject(3850,949.50451700,-861.92157000,83.68927800,0.00000000,0.00000000,25.15565470,0,0,-1,300); //object(10) barierki
CreateDynamicObject(3850,948.04760700,-858.82116700,83.69486200,0.00000000,0.00000000,25.15565470,0,0,-1,300); //object(11)
CreateDynamicObject(3850,951.90637200,-866.97522000,83.68753100,0.00000000,0.00000000,25.15565470,0,0,-1,300); //object(12)
CreateDynamicObject(3850,951.06884800,-869.25817900,83.68913300,0.00000000,0.00000000,-64.84432658,0,0,-1,300); //object(13)
CreateDynamicObject(3850,947.95861800,-870.71765100,83.69199400,0.00000000,0.00000000,-64.84432658,0,0,-1,300); //object(14)
CreateDynamicObject(9339,941.46002200,-859.34423800,83.00045000,0.00000000,-90.24091003,25.07830540,0,0,-1,300); //object(15)
CreateDynamicObject(3850,945.67681900,-869.87030000,83.69565600,0.00000000,0.00000000,-154.84436515,0,0,-1,300); //object(16)
CreateDynamicObject(3850,944.22253400,-866.76812700,83.69569400,0.00000000,0.00000000,-154.84436515,0,0,-1,300); //object(17)
CreateDynamicObject(3850,942.78033400,-863.66705300,83.70038600,0.00000000,0.00000000,-154.84436515,0,0,-1,300); //object(18)
CreateDynamicObject(3851,949.17059300,-864.36541700,87.94303900,0.00000000,108.28885139,25.07830540,0,0,-1,300); //object(17)
CreateDynamicObject(3851,945.73962400,-865.92663600,87.91578700,0.00000000,71.33318820,25.07830540,0,0,-1,300); //object(18)
CreateDynamicObject(3361,953.81604000,-863.00878900,85.10742200,0.00000000,-0.85943669,-154.92165715,0,0,-1,300); //object(21)
CreateDynamicObject(2295,943.51196300,-863.56384300,83.14709500,0.00000000,0.00000000,112.49997660,0,0,-1,300); //object(22)
CreateDynamicObject(2295,943.93975800,-864.50640900,83.14689600,0.00000000,0.00000000,146.24999822,0,0,-1,300); //object(23)
CreateDynamicObject(1711,943.53070100,-862.40716600,83.15152000,0.00000000,0.00000000,56.25001695,0,0,-1,300); //object(24)
CreateDynamicObject(1728,944.70886200,-861.48022500,83.14092300,0.00000000,0.00000000,20.78112193,0,0,-1,300); //object(27)
CreateDynamicObject(1481,949.66436800,-862.99981700,83.84623700,0.00000000,0.00000000,-67.49998596,0,0,-1,300); //object(28)
CreateDynamicObject(1481,948.88916000,-861.31359900,83.84605400,0.00000000,0.00000000,-67.49998596,0,0,-1,300); //object(29)
CreateDynamicObject(1432,947.13604700,-869.62512200,83.27398700,0.00000000,0.00000000,0.00000000,0,0,-1,300); //object(49)
CreateDynamicObject(1432,945.92187500,-867.87432900,83.28628500,0.00000000,0.00000000,-67.49998596,0,0,-1,300); //object(55)
CreateDynamicObject(1778,947.94482400,-859.76544200,83.14264700,0.00000000,0.00000000,89.99998128,0,0,-1,300); //object(56)
CreateDynamicObject(1808,944.06597900,-865.96612500,83.14624800,0.00000000,0.00000000,114.21884998,0,0,-1,300); //ject(57)
CreateDynamicObject(1411,949.02722200,-851.84722900,93.54141200,0.00000000,-3.43774677,6.01605685,0,0,-1,300); //object(64)
CreateDynamicObject(1411,955.67889400,-850.65295400,94.06524700,0.00000000,-1.71887339,6.09340615,0,0,-1,300); //object(65) plot
CreateDynamicObject(2370,945.79980500,-863.29309100,83.13694000,0.00000000,0.00000000,-67.49998596,0,0,-1,300); //object(35)
CreateDynamicObject(1670,945.78875700,-863.10034200,84.01929500,0.00000000,0.00000000,-112.49997660,0,0,-1,300); //object(36)
CreateDynamicObject(1670,946.42749000,-862.69366500,84.01929500,0.00000000,0.00000000,-337.50004438,0,0,-1,300); //object(38)
CreateDynamicObject(2812,945.82782000,-863.93530300,83.98421500,0.00000000,0.00000000,-67.49998596,0,0,-1,300); //object(39)
CreateDynamicObject(2827,946.39251700,-863.42852800,83.99771100,0.00000000,0.00000000,56.25001695,0,0,-1,300); //object(40)
CreateDynamicObject(2170,949.06030300,-862.24932900,83.00276900,0.00000000,0.00000000,-64.92167588,0,0,-1,300); //object(40)
CreateDynamicObject(2344,945.90564000,-863.37835700,83.99391900,0.00000000,0.00000000,-11.25002631,0,0,-1,300); //object(41)
CreateDynamicObject(2700,949.95062300,-863.32208300,86.67553700,0.00000000,0.00000000,-191.24998886,0,0,-1,300); //object(44)
CreateDynamicObject(2713,947.40460200,-860.46868900,83.29314400,0.00000000,0.00000000,134.99997191,0,0,-1,300); //object(45)
CreateDynamicObject(2817,946.55987500,-863.20819100,83.14299800,0.00000000,0.00000000,202.50001517,0,0,-1,300); //object(47)
CreateDynamicObject(2817,945.63653600,-863.60943600,83.14623300,0.00000000,0.00000000,22.49999532,0,0,-1,300); //object(48)
CreateDynamicObject(2830,945.94195600,-867.70935100,83.90187800,0.00000000,0.00000000,191.24998886,0,0,-1,300); //object(51)
CreateDynamicObject(2842,949.62329100,-864.40423600,83.12838700,0.00000000,0.00000000,-64.92167588,0,0,-1,300); //object(55)
CreateDynamicObject(673,958.29626500,-851.17071500,90.90889700,0.00000000,0.00000000,0.00000000,0,0,-1,300); //object(58)
CreateDynamicObject(885,951.19622800,-856.74481200,86.24742900,0.00000000,0.00000000,0.00000000,0,0,-1,300); //object(62)
CreateDynamicObject(924,951.00567600,-865.94952400,83.32399700,0.00000000,0.00000000,123.74994561,0,0,-1,300); //object(64)
CreateDynamicObject(1453,949.34423800,-842.79052700,92.21815500,0.00000000,13.75098708,236.34514779,0,0,-1,300); //object(66)
CreateDynamicObject(1453,950.27795400,-843.38665800,92.29991900,0.00000000,14.61042378,226.03196477,0,0,-1,300); //object(67)
CreateDynamicObject(1453,950.86084000,-844.43719500,92.28062400,0.00000000,12.03211370,200.24869210,0,0,-1,300); //object(68)
CreateDynamicObject(1453,951.33709700,-845.45794700,92.26573200,0.00000000,12.03211370,200.24869210,0,0,-1,300); //object(69)
CreateDynamicObject(1453,951.86755400,-846.49310300,92.27412400,0.00000000,12.03211370,200.24869210,0,0,-1,300); //object(70)
CreateDynamicObject(1453,952.32946800,-847.62976100,92.25672900,0.00000000,12.03211370,200.24869210,0,0,-1,300); //object(71)
CreateDynamicObject(1453,952.39605700,-848.68145800,92.10941300,0.00000000,19.76704393,238.92340057,0,0,-1,300); //object(72)
CreateDynamicObject(1453,952.11749300,-849.89160200,91.95117200,0.00000000,0.00000000,240.64227395,0,0,-1,300); //object(73)
CreateDynamicObject(1453,952.12475600,-850.83587600,91.92565900,0.00000000,0.00000000,240.64227395,0,0,-1,300); //object(74)
CreateDynamicObject(1492,951.67675800,-851.80029300,92.49078400,0.00000000,0.00000000,25.07830540,0,0,-1,300); //object(58)


// domek na skarpie w Bayside Marina

CreateDynamicObject(9509,-2060.77246094,2484.54492188,50.39794159,0.00000000,0.00000000,326.25000000,0,0,-1,300); //convertffs(0)
CreateDynamicObject(14420,-2066.36450200,2459.73242200,43.38282800,0.00000000,0.00000000,326.25000000,0,0,-1,300); //convertffs(1)
CreateDynamicObject(9339,-2083.65063500,2465.80908200,39.97155400,0.00000000,89.98620000,236.24980000,0,0,-1,300); //convertffs(2)
CreateDynamicObject(9339,-2082.88818400,2466.94409200,39.97184400,0.00000000,89.98620000,236.24980000,0,0,-1,300); //convertffs(3)
CreateDynamicObject(9339,-2082.13281300,2468.06860400,39.97182800,0.00000000,89.98620000,236.24980000,0,0,-1,300); //convertffs(4)
CreateDynamicObject(9339,-2081.37060500,2469.22607400,39.97179800,0.00000000,89.98620000,236.24980000,0,0,-1,300); //convertffs(5)
CreateDynamicObject(9339,-2080.60546900,2470.33154300,39.97181300,0.00000000,89.98620000,236.24980000,0,0,-1,300); //convertffs(6)
CreateDynamicObject(9339,-2079.85888700,2471.48144500,39.97185900,0.00000000,89.98620000,236.24980000,0,0,-1,300); //convertffs(7)
CreateDynamicObject(9339,-2079.07495100,2472.60229500,39.97181300,0.00000000,89.98620000,236.24980000,0,0,-1,300); //convertffs(8)
CreateDynamicObject(9339,-2078.30957000,2473.74365200,39.97181300,0.00000000,89.98620000,236.24980000,0,0,-1,300); //convertffs(9)
CreateDynamicObject(9339,-2077.57153300,2474.90332000,39.97193500,0.00000000,89.98620000,236.24980000,0,0,-1,300); //convertffs(10)
CreateDynamicObject(9339,-2076.86718800,2476.12158200,39.97181300,0.00000000,89.98620000,236.24980000,0,0,-1,300); //convertffs(11)
CreateDynamicObject(9339,-2076.10620100,2477.19409200,39.97195100,0.00000000,89.98620000,56.24970000,0,0,-1,300); //convertffs(12)
CreateDynamicObject(11496,-2074.18530300,2473.01562500,35.14256300,0.00000000,0.00000000,56.25010000,0,0,-1,300); //convertffs(13)
CreateDynamicObject(9339,-2082.60766600,2483.17968800,39.97193500,0.00000000,89.98620000,236.24980000,0,0,-1,300); //convertffs(14)
CreateDynamicObject(5340,-2083.63232400,2479.18188500,41.66708000,0.00000000,0.00000000,236.25010000,0,0,-1,300); //convertffs(15)
CreateDynamicObject(10246,-2075.46679700,2479.11669900,41.85404200,0.00000000,0.00000000,236.25010000,0,0,-1,300); //convertffs(16)
CreateDynamicObject(10246,-2087.01586900,2471.60376000,41.85406900,0.00000000,0.00000000,236.25010000,0,0,-1,300); //convertffs(17)
CreateDynamicObject(10246,-2082.12622100,2468.32788100,41.85413700,0.00020000,0.00000000,236.25010000,0,0,-1,300); //convertffs(18)
CreateDynamicObject(9339,-2085.52417000,2486.25390600,40.51522400,0.00000000,0.00000000,326.25000000,0,0,-1,300); //convertffs(19)
CreateDynamicObject(9339,-2085.52954100,2486.25244100,41.91916700,0.00000000,0.00000000,326.25000000,0,0,-1,300); //convertffs(20)
CreateDynamicObject(9339,-2085.52075200,2486.25195300,43.32310900,0.00000000,0.00000000,326.25000000,0,0,-1,300); //convertffs(21)
CreateDynamicObject(9339,-2087.55127000,2483.25878900,43.90200000,0.00000000,179.62260000,146.25000000,0,0,-1,300); //convertffs(22)
CreateDynamicObject(9339,-2083.98681641,2465.29541016,44.20602036,0.00000000,179.62097168,236.24450684,0,0,-1,300); //convertffs(23)
CreateDynamicObject(9339,-2087.50170900,2483.27636700,45.21292100,0.00000000,0.00000000,326.25000000,0,0,-1,300); //convertffs(24)
CreateDynamicObject(9339,-2083.99707000,2465.32128900,45.20439100,0.00000000,0.00000000,56.25000000,0,0,-1,300); //convertffs(25)
CreateDynamicObject(9339,-2063.60815400,2472.60009800,40.81529200,0.00000000,0.00000000,146.25000000,0,0,-1,300); //convertffs(26)
CreateDynamicObject(9339,-2063.61718750,2472.54516602,42.19438934,0.00000000,0.00000000,146.24450684,0,0,-1,300); //convertffs(27)
CreateDynamicObject(9339,-2063.60571300,2472.58764600,43.39497000,0.00000000,0.00000000,146.25000000,0,0,-1,300); //convertffs(28)
CreateDynamicObject(9339,-2066.05346700,2468.88134800,43.89885700,0.00000000,179.62260000,326.25000000,0,0,-1,300); //convertffs(29)
CreateDynamicObject(9339,-2066.04760700,2468.87500000,45.19689600,0.00000000,0.00000000,146.25000000,0,0,-1,300); //convertffs(30)
CreateDynamicObject(1408,-2071.28295900,2468.05224600,35.76292000,0.00000000,179.62230000,146.25000000,0,0,-1,300); //convertffs(31)
CreateDynamicObject(1408,-2075.70507800,2471.00512700,35.78792200,0.00000000,179.62230000,146.25000000,0,0,-1,300); //convertffs(32)
CreateDynamicObject(1408,-2080.00927700,2473.87768600,35.78792200,0.00000000,180.48180000,146.25000000,0,0,-1,300); //convertffs(33)
CreateDynamicObject(1408,-2080.70385700,2477.68042000,35.78792200,0.00000000,179.62230000,56.25000000,0,0,-1,300); //convertffs(34)
CreateDynamicObject(1408,-2067.49292000,2468.81103500,35.71291700,0.00000000,179.62230000,236.25010000,0,0,-1,300); //convertffs(35)
CreateDynamicObject(9339,-2070.46460000,2476.53418000,39.96549200,0.00000000,89.98620000,236.24980000,0,0,-1,300); //convertffs(36)
CreateDynamicObject(9339,-2069.75878900,2477.73974600,39.95902300,0.00000000,89.98620000,236.24980000,0,0,-1,300); //convertffs(37)
CreateDynamicObject(9339,-2069.91772500,2479.40210000,39.95265600,0.00000000,89.98620000,236.24980000,0,0,-1,300); //convertffs(38)
CreateDynamicObject(10246,-2068.60058600,2474.47168000,41.84133100,0.00000000,0.00000000,236.25010000,0,0,-1,300); //convertffs(39)
CreateDynamicObject(10246,-2069.06079100,2464.58667000,41.82353200,0.00000000,0.00000000,146.25000000,0,0,-1,300); //convertffs(40)
CreateDynamicObject(10246,-2065.30078100,2470.23486300,41.82903700,0.00000000,0.00000000,146.25000000,0,0,-1,300); //convertffs(41)
CreateDynamicObject(1491,-2077.55859400,2469.24340800,40.10436600,0.00000000,0.00000000,236.25010000,0,0,-1,300); //convertffs(42)
CreateDynamicObject(1491,-2079.21997100,2466.70776400,40.10437800,0.00000000,0.00000000,56.25000000,0,0,-1,300); //convertffs(43)
CreateDynamicObject(10246,-2077.27099600,2478.85376000,41.85425900,0.00000000,0.00000000,326.25000000,0,0,-1,300); //convertffs(44)
CreateDynamicObject(10246,-2077.80517600,2475.30151400,41.85393500,0.00000000,0.00000000,56.25000000,0,0,-1,300); //convertffs(45)
CreateDynamicObject(5340,-2085.16479500,2480.19751000,41.64188400,0.00000000,0.00000000,236.25010000,0,0,-1,300); //convertffs(46)
CreateDynamicObject(9339,-2083.68261700,2465.80151400,43.66546600,0.00000000,89.98620000,236.24980000,0,0,-1,300); //convertffs(47)
CreateDynamicObject(9339,-2082.99560500,2466.81640600,43.66547000,0.00000000,89.98620000,236.24980000,0,0,-1,300); //convertffs(48)
CreateDynamicObject(9339,-2082.38452100,2467.70385700,43.66542800,0.00000000,89.98620000,236.24980000,0,0,-1,300); //convertffs(49)
CreateDynamicObject(9339,-2081.56445300,2468.84252900,44.73399700,0.00000000,89.98620000,236.24980000,0,0,-1,300); //convertffs(50)
CreateDynamicObject(9339,-2080.82885700,2470.00439500,44.74080700,0.00000000,89.98620000,236.24980000,0,0,-1,300); //convertffs(51)
CreateDynamicObject(9339,-2082.07690400,2468.16406300,44.20907600,0.00000000,0.00000000,56.25000000,0,0,-1,300); //convertffs(52)
CreateDynamicObject(9339,-2080.03686500,2471.16528300,44.74080700,0.00000000,89.98620000,236.24980000,0,0,-1,300); //convertffs(53)
CreateDynamicObject(9339,-2079.28100600,2472.31323200,44.73419600,0.00000000,89.98620000,236.24980000,0,0,-1,300); //convertffs(54)
CreateDynamicObject(9339,-2078.53271500,2473.44897500,44.72773400,0.00000000,89.98620000,236.24980000,0,0,-1,300); //convertffs(55)
CreateDynamicObject(2600,-2081.36816400,2475.48291000,36.16483700,0.00000000,0.00000000,292.50000000,0,0,-1,300); //convertffs(56)
CreateDynamicObject(9339,-2077.76953125,2474.54199219,44.72120667,0.00000000,89.98352051,236.24450684,0,0,-1,300); //convertffs(57)
CreateDynamicObject(9339,-2077.19140600,2475.45874000,44.71469900,0.00000000,89.98620000,236.24980000,0,0,-1,300); //convertffs(58)
CreateDynamicObject(9339,-2076.44995100,2476.64990200,44.70821400,0.00000000,89.98620000,236.24980000,0,0,-1,300); //convertffs(59)
CreateDynamicObject(9339,-2075.83496100,2477.89257800,44.70158800,0.00000000,89.98620000,236.24980000,0,0,-1,300); //convertffs(60)
CreateDynamicObject(9339,-2075.10864300,2479.09472700,44.69501100,0.00000000,89.98620000,236.24980000,0,0,-1,300); //convertffs(61)
CreateDynamicObject(9339,-2075.13012700,2478.92114300,44.13407900,0.00000000,0.00000000,56.25000000,0,0,-1,300); //convertffs(62)
CreateDynamicObject(9339,-2071.85449200,2487.10937500,44.08935900,0.00000000,0.00000000,146.25000000,0,0,-1,300); //convertffs(63)
CreateDynamicObject(10246,-2077.78344700,2475.27807600,42.94643000,0.00000000,0.00000000,236.25010000,0,0,-1,300); //convertffs(64)
CreateDynamicObject(17574,-2068.94751000,2477.62817400,44.82825900,0.00000000,0.00000000,56.25000000,0,0,-1,300); //convertffs(65)
CreateDynamicObject(9339,-2069.18212900,2472.38842800,46.21712100,0.00000000,0.00000000,146.25000000,0,0,-1,300); //convertffs(66)
CreateDynamicObject(9339,-2053.88964800,2476.64502000,46.22600600,0.00000000,0.00000000,92.57830000,0,0,-1,300); //convertffs(67)
CreateDynamicObject(3850,-2093.34545900,2471.53222700,48.16543600,0.00000000,0.00000000,56.25000000,0,0,-1,300); //convertffs(68)
CreateDynamicObject(3850,-2090.49218800,2469.62548800,48.16543600,0.00000000,0.00000000,56.25000000,0,0,-1,300); //convertffs(69)
CreateDynamicObject(3850,-2087.63085900,2467.71093800,48.16543600,0.00000000,0.00000000,56.25000000,0,0,-1,300); //convertffs(70)
CreateDynamicObject(3850,-2084.77758800,2465.80395500,48.16034300,0.00000000,0.00000000,56.25000000,0,0,-1,300); //convertffs(71)
CreateDynamicObject(3850,-2081.92749000,2463.91699200,48.14484800,0.00000000,0.00000000,56.25000000,0,0,-1,300); //convertffs(72)
CreateDynamicObject(3850,-2093.80981400,2473.91284200,48.14982200,0.00000000,0.00000000,326.25000000,0,0,-1,300); //convertffs(73)
CreateDynamicObject(3850,-2091.88842800,2476.79223600,48.14982200,0.00000000,0.00000000,326.25000000,0,0,-1,300); //convertffs(74)
CreateDynamicObject(3331,-2076.95288100,2498.58789100,13.19911400,305.85550000,0.00000000,326.25000000,0,0,-1,300); //convertffs(75)
CreateDynamicObject(3331,-2069.61181600,2493.69677700,13.21817600,305.85550000,0.00000000,326.25000000,0,0,-1,300); //convertffs(76)
CreateDynamicObject(9339,-2083.93212900,2465.37329100,39.22354500,0.00000000,335.07630000,56.25000000,0,0,-1,300); //convertffs(77)
CreateDynamicObject(9339,-2083.78930700,2465.59106400,38.64956700,0.00000000,335.07630000,56.25000000,0,0,-1,300); //convertffs(78)
CreateDynamicObject(12958,-2069.86889600,2468.98022500,36.44059000,0.00000000,0.00000000,236.25010000,0,0,-1,300); //convertffs(79)
CreateDynamicObject(3570,-2063.91503900,2473.89502000,41.45857200,0.00000000,0.00000000,56.25000000,0,0,-1,300); //convertffs(80)
CreateDynamicObject(914,-2066.70312500,2472.00952100,41.67954600,0.00000000,0.00000000,56.25000000,0,0,-1,300); //convertffs(81)
CreateDynamicObject(927,-2066.20410200,2470.52758800,41.54838200,0.00000000,0.00000000,326.25000000,0,0,-1,300); //convertffs(82)
CreateDynamicObject(995,-2071.31298800,2474.87963900,40.97163000,90.24080000,0.00000000,326.25000000,0,0,-1,300); //convertffs(83)
CreateDynamicObject(9339,-2072.13476600,2477.45532200,43.32645000,0.00000000,179.62260000,146.25000000,0,0,-1,300); //convertffs(84)
CreateDynamicObject(9339,-2072.96069300,2476.22631800,44.43008000,0.00000000,0.00000000,326.25000000,0,0,-1,300); //convertffs(85)
CreateDynamicObject(10246,-2075.72827100,2472.16088900,41.85403800,0.00000000,0.00000000,326.25000000,0,0,-1,300); //convertffs(86)
CreateDynamicObject(13187,-2070.49072300,2479.88647500,41.40760800,0.00000000,0.00000000,319.37450000,0,0,-1,300); //convertffs(87)
CreateDynamicObject(13187,-2070.00805700,2478.46752900,41.40123400,0.00000000,0.00000000,236.25000000,0,0,-1,300); //convertffs(88)
CreateDynamicObject(13187,-2067.66064500,2476.26684600,41.40764200,0.00000000,0.00000000,202.50000000,0,0,-1,300); //convertffs(89)
CreateDynamicObject(13187,-2066.07983400,2476.90673800,41.40768800,0.00000000,0.00000000,146.25000000,0,0,-1,300); //convertffs(90)
CreateDynamicObject(3851,-2090.18530300,2469.32519500,42.09222800,0.00000000,0.00000000,56.25000000,0,0,-1,300); //convertffs(91)
CreateDynamicObject(3851,-2077.89550781,2461.11523438,42.11644363,0.00000000,0.00000000,56.24450684,0,0,-1,300); //convertffs(92)
CreateDynamicObject(3851,-2070.05127000,2462.69213900,42.11642500,0.00000000,0.00000000,146.25010000,0,0,-1,300); //convertffs(93)
CreateDynamicObject(3851,-2091.73950200,2477.17358400,42.11633300,0.00000000,0.00000000,146.25010000,0,0,-1,300); //convertffs(94)
CreateDynamicObject(5856,-2083.95483400,2465.27221700,41.72562800,0.00000000,0.00000000,56.25000000,0,0,-1,300); //convertffs(95)
CreateDynamicObject(13187,-2068.57202100,2474.55273400,41.40771900,0.00000000,0.00000000,56.25000000,0,0,-1,300); //convertffs(96)
CreateDynamicObject(16500,-2068.16577100,2477.33129900,42.78493900,0.00000000,90.24080000,146.25010000,0,0,-1,300); //convertffs(97)
CreateDynamicObject(16500,-2070.58764600,2478.93701200,42.76979800,0.00000000,90.24080000,146.25010000,0,0,-1,300); //convertffs(98)
CreateDynamicObject(9339,-2075.22241200,2478.95849600,43.33493000,0.00000000,179.62260000,236.25000000,0,0,-1,300); //convertffs(99)
CreateDynamicObject(1491,-2072.66455100,2477.24023400,40.10440400,0.00000000,0.00000000,326.25000000,0,0,-1,300); //convertffs(100)
CreateDynamicObject(17574,-2075.35156300,2494.61254900,46.93771700,0.00000000,0.00000000,247.50010000,0,0,-1,300); //convertffs(101)
CreateDynamicObject(9339,-2083.90844700,2492.16699200,47.24182500,0.00000000,0.00000000,334.92170000,0,0,-1,300); //convertffs(102)
CreateDynamicObject(9339,-2083.87133800,2493.26245100,48.63159600,0.00000000,0.00000000,337.50000000,0,0,-1,300); //convertffs(103)
CreateDynamicObject(9339,-2084.25976600,2491.01684600,46.29494100,0.00000000,179.62260000,154.06220000,0,0,-1,300); //convertffs(104)
CreateDynamicObject(16500,-2068.14257800,2477.33007800,40.02286900,0.00000000,269.86310000,146.25010000,0,0,-1,300); //convertffs(105)
CreateDynamicObject(16500,-2070.59741200,2478.96069300,40.02899600,0.00000000,269.86310000,146.25010000,0,0,-1,300); //convertffs(106)
CreateDynamicObject(997,-2071.37695312,2476.19433594,39.86644745,0.00000000,269.75830078,56.24450684,0,0,-1,300); //convertffs(107)
CreateDynamicObject(10246,-2075.75146500,2472.13037100,41.83103900,0.00000000,0.00000000,146.25010000,0,0,-1,300); //convertffs(108)
CreateDynamicObject(14720,-2074.15991200,2459.24853500,40.11180900,0.00000000,0.00000000,56.25010000,0,0,-1,300); //convertffs(109)
CreateDynamicObject(2528,-2068.21435500,2476.46630900,40.12515300,0.00000000,0.00000000,292.50000000,0,0,-1,300); //convertffs(110)
CreateDynamicObject(2836,-2070.78222700,2476.95483400,40.13047800,0.00000000,0.00000000,326.25000000,0,0,-1,300); //convertffs(111)
CreateDynamicObject(2630,-2076.15502900,2462.64379900,40.11095000,0.00000000,0.00000000,326.25000000,0,0,-1,300); //convertffs(112)
CreateDynamicObject(2522,-2069.17041000,2475.57348600,40.12624700,0.00000000,0.00000000,326.25000000,0,0,-1,300); //convertffs(113)
CreateDynamicObject(2523,-2069.67358400,2477.58935500,40.12950900,0.00000000,0.00000000,326.25000000,0,0,-1,300); //convertffs(114)
CreateDynamicObject(2834,-2076.02050800,2461.96264600,40.11584500,0.00000000,0.00000000,56.25000000,0,0,-1,300); //convertffs(115)
CreateDynamicObject(936,-2070.34252900,2476.28051800,40.57887600,0.00000000,0.00000000,146.25000000,0,0,-1,300); //convertffs(116)
CreateDynamicObject(949,-2071.15185500,2478.85742200,40.76953100,0.00000000,0.00000000,0.00000000,0,0,-1,300); //convertffs(117)
CreateDynamicObject(2194,-2070.75268600,2476.40307600,41.38538400,0.00000000,0.00000000,0.00000000,0,0,-1,300); //convertffs(118)
CreateDynamicObject(1280,-2076.31176800,2477.91601600,35.74391600,0.00000000,0.00000000,84.84340000,0,0,-1,300); //convertffs(119)
CreateDynamicObject(2207,-2084.83618200,2475.02368200,40.13471600,0.00000000,0.00000000,326.25000000,0,0,-1,300); //convertffs(120)
CreateDynamicObject(1723,-2071.00927700,2473.92114300,40.11446800,0.00000000,0.00000000,326.25000000,0,0,-1,300); //convertffs(121)
CreateDynamicObject(1723,-2075.88671900,2470.80224600,40.11421200,0.00000000,0.00000000,56.25000000,0,0,-1,300); //convertffs(122)
CreateDynamicObject(2568,-2076.03393600,2472.78955100,40.10842500,0.00000000,0.00000000,236.25010000,0,0,-1,300); //convertffs(123)
CreateDynamicObject(2204,-2090.16381800,2478.98803700,40.10850900,0.00000000,0.00000000,56.25000000,0,0,-1,300); //convertffs(124)
CreateDynamicObject(2197,-2089.66601600,2477.61938500,40.10862000,0.00000000,0.00000000,56.25000000,0,0,-1,300); //convertffs(125)
CreateDynamicObject(1646,-2069.30200200,2469.93652300,35.67998900,0.00000000,0.00000000,281.25000000,0,0,-1,300); //convertffs(126)
CreateDynamicObject(1481,-2083.78491200,2472.13647500,48.10106700,0.00000000,0.00000000,56.25000000,0,0,-1,300); //convertffs(127)
CreateDynamicObject(1659,-2087.81054700,2477.26464800,44.07239500,0.00000000,0.00000000,326.25000000,0,0,-1,300); //convertffs(128)
CreateDynamicObject(1659,-2081.29711900,2472.81250000,44.07881900,0.00000000,0.00000000,326.25000000,0,0,-1,300); //convertffs(129)
CreateDynamicObject(1736,-2088.35571300,2472.96582000,42.82680900,0.00000000,0.00000000,146.25000000,0,0,-1,300); //convertffs(130)
CreateDynamicObject(1786,-2070.73681641,2464.68017578,41.09457397,0.00000000,0.00000000,202.49450684,0,0,-1,300); //convertffs(131)
CreateDynamicObject(1797,-2074.47753900,2476.60864300,40.10974900,0.00000000,0.00000000,56.25000000,0,0,-1,300); //convertffs(132)
CreateDynamicObject(1809,-2071.20703125,2465.21069336,40.11211777,0.00000000,0.00000000,236.25000000,0,0,-1,300); //convertffs(133)
CreateDynamicObject(2028,-2071.25732422,2465.76367188,40.19971466,0.00000000,0.00000000,337.49450684,0,0,-1,300); //convertffs(134)
CreateDynamicObject(2149,-2073.34155300,2458.63598600,41.24917200,0.00000000,0.00000000,191.25010000,0,0,-1,300); //convertffs(135)
CreateDynamicObject(2192,-2084.58032200,2475.56469700,40.86108000,0.00000000,0.00000000,258.75000000,0,0,-1,300); //convertffs(136)
CreateDynamicObject(2229,-2071.37548800,2474.62182600,40.09129700,0.00000000,0.00000000,348.75000000,0,0,-1,300); //convertffs(137)
CreateDynamicObject(2332,-2080.32421900,2476.41601600,40.57901400,0.00000000,0.00000000,326.25000000,0,0,-1,300); //convertffs(138)
CreateDynamicObject(2828,-2083.37402300,2473.81616200,40.91309700,0.00000000,0.00000000,348.75000000,0,0,-1,300); //convertffs(139)
CreateDynamicObject(1846,-2068.68750000,2478.65649400,41.64488200,90.24080000,0.00000000,326.25000000,0,0,-1,300); //convertffs(140)
CreateDynamicObject(3260,-2071.99926800,2461.60937500,44.55896000,0.00000000,269.75920000,326.25000000,0,0,-1,300); //convertffs(141)
CreateDynamicObject(3260,-2074.47045900,2463.26196300,44.54289600,0.00000000,269.75920000,326.25000000,0,0,-1,300); //convertffs(142)
CreateDynamicObject(3260,-2076.94189500,2464.91333000,44.53598800,0.00000000,269.75920000,326.25000000,0,0,-1,300); //convertffs(143)
CreateDynamicObject(3260,-2079.37939500,2466.54101600,44.52782800,0.00000000,269.75920000,327.96890000,0,0,-1,300); //convertffs(144)
CreateDynamicObject(1472,-2077.71752900,2476.15747100,40.53145200,0.00000000,0.00000000,56.25000000,0,0,-1,300); //convertffs(145)
CreateDynamicObject(14819,-2078.91357400,2476.09082000,42.09542800,0.00000000,0.00000000,236.25010000,0,0,-1,300); //convertffs(146)
CreateDynamicObject(1656,-2076.83911100,2475.58667000,40.21719400,0.00000000,0.00000000,56.25000000,0,0,-1,300); //convertffs(147)
CreateDynamicObject(1656,-2077.03808600,2475.70434600,40.43437200,0.00000000,0.00000000,56.25000000,0,0,-1,300); //convertffs(148)
CreateDynamicObject(1656,-2077.22168000,2475.85864300,40.64635500,0.00000000,0.00000000,56.25000000,0,0,-1,300); //convertffs(149)
CreateDynamicObject(1656,-2077.47314500,2475.99462900,40.80364200,0.00000000,0.00000000,56.25000000,0,0,-1,300); //convertffs(150)
CreateDynamicObject(2163,-2077.08398438,2476.68847656,40.11078644,0.00000000,0.00000000,146.24450684,0,0,-1,300); //convertffs(151)
CreateDynamicObject(2163,-2077.72753906,2477.11230469,41.03099060,0.00000000,0.00000000,146.24450684,0,0,-1,300); //convertffs(152)
CreateDynamicObject(644,-2068.54077100,2472.34350600,40.30030400,0.00000000,0.00000000,0.00000000,0,0,-1,300); //convertffs(153)
CreateDynamicObject(2240,-2075.10937500,2474.29565400,40.71461100,0.00000000,0.00000000,0.00000000,0,0,-1,300); //convertffs(154)
CreateDynamicObject(14640,-2066.43603500,2474.49853500,40.39590100,0.00000000,0.00000000,56.24990000,0,0,-1,300); //convertffs(155)
CreateDynamicObject(2208,-2074.31762700,2468.56909200,40.01616700,0.00000000,0.00000000,56.25000000,0,0,-1,300); //convertffs(156)
CreateDynamicObject(2207,-2072.97094700,2468.14428700,40.10966100,0.00000000,0.00000000,56.25000000,0,0,-1,300); //convertffs(157)
CreateDynamicObject(2251,-2073.16333000,2469.28344700,40.97984300,0.00000000,0.00000000,0.00000000,0,0,-1,300); //convertffs(158)
CreateDynamicObject(2247,-2072.98168900,2469.17651400,41.07824300,0.00000000,0.00000000,180.00000000,0,0,-1,300); //chwast
CreateDynamicObject(995,-2071.31420900,2474.84301800,42.12727400,90.24080000,0.00000000,326.25000000,0,0,-1,300); //convertffs(160)
CreateDynamicObject(2163,-2077.53344727,2477.46411133,40.11058426,0.00000000,0.00000000,326.09533691,0,0,-1,300); //convertffs(161)
CreateDynamicObject(2163,-2077.30883789,2476.86694336,41.15810013,0.00000000,0.00000000,146.24450684,0,0,-1,300); //convertffs(162)
CreateDynamicObject(894,-2065.32446289,2473.95654297,45.28087616,0.00000000,0.00000000,37.71478271,0,0,-1,300); //convertffs(163)
CreateDynamicObject(895,-2069.04614258,2468.59985352,45.39730072,0.00000000,0.00000000,113.14440918,0,0,-1,300); //convertffs(164)
CreateDynamicObject(892,-2067.07690430,2470.87890625,45.35789490,0.00000000,0.00000000,0.00000000,0,0,-1,300); //convertffs(165)
CreateDynamicObject(889,-2070.74609375,2465.61816406,45.43981934,0.00000000,0.00000000,0.00000000,0,0,-1,300); //convertffs(166)
CreateDynamicObject(885,-2072.52099609,2463.22851562,45.47815704,0.00000000,0.00000000,0.00000000,0,0,-1,300); //convertffs(167)
CreateDynamicObject(1710,-2084.60253906,2470.62670898,40.11633682,0.00000000,0.00000000,146.15075684,0,0,-1,300); //convertffs(168)
CreateDynamicObject(2258,-2088.12280273,2472.24365234,42.10764313,0.00000000,0.00000000,326.25524902,0,0,-1,300); //convertffs(169)
CreateDynamicObject(2259,-2087.02099609,2470.95507812,41.65937042,0.00000000,0.00000000,326.25524902,0,0,-1,300); //convertffs(170)
CreateDynamicObject(2260,-2086.07641602,2470.32275391,41.79381180,0.00000000,0.00000000,326.25524902,0,0,-1,300); //convertffs(171)
CreateDynamicObject(2266,-2087.03955078,2470.93457031,40.50152206,0.00000000,0.00000000,326.25524902,0,0,-1,300); //convertffs(172)
CreateDynamicObject(2267,-2088.13403320,2472.22802734,40.81305313,0.00000000,0.00000000,326.25524902,0,0,-1,300); //convertffs(173)
CreateDynamicObject(17037,-2003.26232910,2453.65893555,37.75952911,5.95104980,0.00000000,332.20739746,0,0,-1,300); //convertffs(174)
CreateDynamicObject(17037,-2006.77539062,2446.14770508,37.02593994,3.96606445,0.00000000,338.16235352,0,0,-1,300); //convertffs(175)
CreateDynamicObject(1454,-2058.12329102,2478.10620117,47.38099670,86.10504150,0.00000000,176.66442871,0,0,-1,300); //convertffs(176)
CreateDynamicObject(1454,-2060.61059570,2477.74291992,47.25513458,107.93640137,0.00000000,330.22485352,0,0,-1,300); //convertffs(177)
CreateDynamicObject(1454,-2055.75878906,2476.87548828,47.36713028,96.02642822,0.00000000,5.95458984,0,0,-1,300); //convertffs(178)
CreateDynamicObject(1454,-2054.08642578,2475.18017578,47.30272675,96.02642822,0.00000000,5.95458984,0,0,-1,300); //convertffs(179)
CreateDynamicObject(1454,-2052.37133789,2473.15234375,47.14697647,96.02642822,0.00000000,5.95458984,0,0,-1,300); //convertffs(180)
CreateDynamicObject(1454,-2050.70117188,2471.58984375,47.07251740,99.99639893,0.00000000,5.95458984,0,0,-1,300); //convertffs(181)
CreateDynamicObject(1454,-2048.77148438,2469.87084961,46.95367813,96.02642822,0.00000000,5.95458984,0,0,-1,300); //convertffs(182)
CreateDynamicObject(1454,-2047.51147461,2467.97998047,46.43172073,115.87597656,0.00000000,17.85894775,0,0,-1,300); //convertffs(183)
CreateDynamicObject(1454,-2046.51928711,2465.51977539,45.52401352,74.18780518,0.00000000,192.53771973,0,0,-1,300); //convertffs(184)
CreateDynamicObject(1454,-2045.03417969,2463.43872070,44.83648682,74.18518066,0.00000000,192.53540039,0,0,-1,300); //convertffs(185)
CreateDynamicObject(1454,-2043.49194336,2461.38867188,44.14773560,74.18518066,0.00000000,192.53540039,0,0,-1,300); //convertffs(186)
CreateDynamicObject(1454,-2041.88366699,2459.35595703,43.39367294,74.18518066,0.00000000,192.53540039,0,0,-1,300); //convertffs(187)
CreateDynamicObject(1454,-2040.22766113,2457.42089844,42.68811417,74.18518066,0.00000000,192.53540039,0,0,-1,300); //convertffs(188)
CreateDynamicObject(1454,-2038.41638184,2455.61450195,42.00289917,74.18518066,0.00000000,192.53540039,0,0,-1,300); //convertffs(189)
CreateDynamicObject(1454,-2036.31481934,2453.75195312,41.20735168,74.18518066,0.00000000,192.53540039,0,0,-1,300); //convertffs(190)
CreateDynamicObject(1454,-2034.22204590,2451.94067383,40.47938919,103.96020508,0.00000000,39.69104004,0,0,-1,300); //convertffs(191)
CreateDynamicObject(1454,-2032.06323242,2450.42797852,40.08827209,103.95812988,0.00000000,39.68811035,0,0,-1,300); //convertffs(192)
CreateDynamicObject(1454,-2029.91186523,2449.18164062,39.65735626,98.00311279,0.00000000,39.68811035,0,0,-1,300); //convertffs(193)
CreateDynamicObject(1454,-2027.63696289,2447.80395508,39.21351624,97.99804688,0.00000000,39.68261719,0,0,-1,300); //convertffs(194)
CreateDynamicObject(1454,-2025.59912109,2446.51708984,38.86036301,97.99804688,0.00000000,39.68261719,0,0,-1,300); //convertffs(195)
CreateDynamicObject(1454,-2023.75280762,2444.93164062,38.48535919,97.99804688,0.00000000,39.68261719,0,0,-1,300); //convertffs(196)
CreateDynamicObject(1454,-2022.12670898,2443.38452148,38.02738571,68.22308350,0.00000000,234.92871094,0,0,-1,300); //convertffs(197)
CreateDynamicObject(1454,-2020.41247559,2442.10375977,37.15755844,68.21960449,0.00000000,234.92614746,0,0,-1,300); //convertffs(198)
CreateDynamicObject(1454,-2018.41809082,2440.86206055,36.24517822,68.21960449,0.00000000,234.92614746,0,0,-1,300); //convertffs(199)
CreateDynamicObject(1454,-2016.49914551,2439.54150391,35.37459946,68.21960449,0.00000000,234.92614746,0,0,-1,300); //convertffs(200)
CreateDynamicObject(1454,-2014.54895020,2438.34326172,34.48268127,68.21960449,0.00000000,234.92614746,0,0,-1,300); //convertffs(201)
CreateDynamicObject(1454,-2012.40588379,2437.17871094,33.65748215,76.15960693,0.00000000,234.92614746,0,0,-1,300); //convertffs(202)
CreateDynamicObject(1454,-2010.02856445,2436.02880859,33.46073532,90.05224609,0.00000000,234.92065430,0,0,-1,300); //convertffs(203)
CreateDynamicObject(1454,-2008.16650391,2435.35156250,33.21525574,74.91943359,0.00000000,246.83056641,0,0,-1,300); //convertffs(204)
CreateDynamicObject(1478,-2007.60620117,2436.28466797,34.51753998,0.00000000,0.00000000,81.38452148,0,0,-1,300); //convertffs(205)
CreateDynamicObject(642,-2081.19946289,2468.19873047,48.82825089,0.00000000,0.00000000,282.58557129,0,0,-1,300); //convertffs(206)
CreateDynamicObject(643,-2081.01269531,2470.90234375,47.86841202,0.00000000,0.00000000,0.00000000,0,0,-1,300); //convertffs(207)
CreateDynamicObject(16151,-2069.73071289,2465.23291016,40.48558807,0.00000000,0.00000000,326.25524902,0,0,-1,300); //convertffs(208)
CreateDynamicObject(889,-2084.37402344,2483.53002930,47.34696960,0.00000000,0.00000000,0.00000000,0,0,-1,300); //convertffs(209)
CreateDynamicObject(1714,-2082.58349609,2476.46484375,40.11610031,0.00000000,0.00000000,324.27026367,0,0,-1,300); //convertffs(210)
CreateDynamicObject(1659,-2072.13061523,2469.90991211,44.11545181,0.00000000,0.00000000,0.00000000,0,0,-1,300); //convertffs(211)
CreateDynamicObject(14527,-2084.39965820,2473.73974609,42.09220505,0.00000000,0.00000000,350.02999878,0,0,-1,300); //convertffs(212)
