// tu tez mozesz robic komentarze itd.

// helikopter baza AtK
AddStaticVehicle(497,2989.6729,-339.0660,18.9542,90.3846,0,1);


// przyczepy w bazach tir
AddStaticVehicle(450,882.3087,-1188.3582,17.6146,179.9136,1,1); // studio filmowe ls
AddStaticVehicle(584,846.9235,-1179.9177,18.1254,177.1920,1,1); // j.w.
AddStaticVehicle(591,-1940.1472,-2440.2097,31.2634,135.2514,1,1); // angel pine
AddStaticVehicle(435,-2149.9895,-100.5398,35.9519,270.3494,1,1); // doherty sf





// przyczepy w ocean docks ls
AddStaticVehicle(435,2569.4797,-2449.3330,14.2621,309.5974,1,1); 
AddStaticVehicle(450,2572.7212,-2453.0542,14.2582,302.5626,1,1); 
AddStaticVehicle(591,2589.0581,-2450.5156,14.2515,342.9741,1,1); 

// przyczepy sf
AddStaticVehicle(435,-1529.2122,362.7607,7.8222,3.4308,1,1); //
AddStaticVehicle(450,-1534.2256,362.4305,7.8178,1.9982,1,1); 
AddStaticVehicle(591,-1538.5522,362.4591,7.8245,0.9189,1,1); 
AddStaticVehicle(584,-1543.6774,362.8560,8.3408,3.6116,1,1); 

// przyczepy lslot
AddStaticVehicle(435,2105.2520,-2337.8057,14.1922,88.4486,1,1); //
AddStaticVehicle(584,2085.1345,-2316.9375,14.6950,180.6474,1,1); //

// przyczepy sflot
AddStaticVehicle(584,-1200.9735,-102.1650,15.2932,130.2385,1,1); //
AddStaticVehicle(591,-1204.1295,-96.2360,14.7822,130.3061,1,1); // 
// przyczepa lvlot
AddStaticVehicle(450,1575.0625,1696.5736,11.4555,87.6150,1,1); //

// przyczepy w innych bazach
AddStaticVehicle(584,1059.9738,2068.3799,11.9678,89.1847,1,1); //
AddStaticVehicle(450,1023.4832,2109.1631,11.4458,356.8631,1,1); 

// pojazdy w bazie vipow
AddStaticVehicle(541,-520.5203,2582.0884,53.0498,271.5732,60,1); //
AddStaticVehicle(411,-520.7130,2577.1140,53.1498,269.3309,123,1); //
AddStaticVehicle(451,-520.5302,2571.8899,53.1403,270.7451,36,36); //
AddStaticVehicle(562,-521.0142,2566.9041,53.0850,269.9971,17,1); //
AddStaticVehicle(558,-521.0407,2561.6326,53.0534,271.0803,116,1); //
AddStaticVehicle(560,-528.4495,2564.0605,53.1316,269.3318,17,1); //
AddStaticVehicle(415,-528.0668,2568.8999,53.1956,269.0495,25,1); //
AddStaticVehicle(603,-528.1860,2574.1309,53.2720,268.0065,69,1); //
AddStaticVehicle(429,-527.7747,2579.1392,53.1025,268.9373,13,13); //
AddStaticVehicle(525,-527.9615,2604.0042,53.3237,268.3133,17,20); //
AddStaticVehicle(574,-527.4738,2609.3335,53.1539,268.0270,26,26); //
AddStaticVehicle(425,-567.0183,2593.6887,66.4810,265.1039,43,0); //

// karty na nowej trasie kartingowej
AddStaticVehicle(571,-2046.5188,-105.4922,34.5016,154.0009,36,2); 
AddStaticVehicle(571,-2043.4717,-111.8118,34.5155,112.0676,51,53); 
AddStaticVehicle(571,-2044.1707,-109.3428,34.5106,113.6538,91,2); 
AddStaticVehicle(571,-2044.7900,-107.1285,34.5148,134.8412,11,22); 
AddStaticVehicle(571,-2042.4646,-105.3114,34.4900,125.7164,40,35);
AddStaticVehicle(571,-2043.1378,-114.1478,34.5005,88.0897,2,35); 
AddStaticVehicle(571,-2041.2350,-109.2113,34.4920,114.4146,36,2); 

// pociag na miejscu tramwaju w sf
AddStaticVehicle(537,-2264.6592,523.1599,35.6052,180.4091,1,74); //
AddStaticVehicle(569,-2264.7588,537.1106,35.5554,180.4091,1,74); //




// PRACE GRACZY
// sebox
// stunt
AddStaticVehicle(411,-3694.75341797,-1318.86950684,17.94617462,90.00000000,-1,-1); //Infernus
AddStaticVehicle(451,-3695.23242188,-1323.80358887,17.91054726,90.00000000,-1,-1); //Turismo
AddStaticVehicle(521,-3693.47021484,-1267.53796387,17.80655289,90.00000000,-1,-1); //FCR-900
AddStaticVehicle(521,-3693.64282227,-1270.00610352,17.80655289,90.00000000,-1,-1); //FCR-900
AddStaticVehicle(522,-3693.90161133,-1272.91162109,17.80655289,90.00000000,-1,-1); //NRG-500
AddStaticVehicle(522,-3693.66894531,-1275.55078125,17.80655289,90.00000000,-1,-1); //NRG-500
AddStaticVehicle(481,-3693.79077148,-1278.12341309,17.75495148,90.00000000,-1,-1); //BMX
AddStaticVehicle(481,-3693.90039062,-1280.68359375,17.75495148,90.00000000,-1,-1); //BMX
AddStaticVehicle(468,-3693.35498047,-1265.09118652,17.91398621,90.00000000,-1,-1); //Sanchez
AddStaticVehicle(468,-3692.95727539,-1262.75793457,17.91398621,90.00000000,-1,-1); //Sanchez
AddStaticVehicle(562,-3695.70922852,-1328.65942383,17.89972496,90.00000000,-1,-1); //Elegy
AddStaticVehicle(603,-3696.01293945,-1333.94531250,18.14884949,90.00000000,-1,-1); //Phoenix
// tereno
AddStaticVehicle(495,-418.97607422,-2405.65820312,88.43685913,137.99475098,-1,-1); //Sandking
AddStaticVehicle(495,-430.48736572,-2417.22656250,88.43006134,318.00000000,-1,-1); //Sandking
AddStaticVehicle(495,-445.13619995,-2402.62133789,88.43006134,317.99926758,-1,-1); //Sandking
AddStaticVehicle(495,-435.91439819,-2391.26464844,88.43685913,227.99377441,-1,-1); //Sandking
AddStaticVehicle(495,-439.75845337,-2395.37280273,88.43685913,227.99377441,-1,-1); //Sandking
AddStaticVehicle(495,-432.00164795,-2387.05322266,88.43685913,227.99377441,-1,-1); //Sandking
AddStaticVehicle(495,-428.61196899,-2383.03735352,88.43685913,227.99377441,-1,-1); //Sandking
AddStaticVehicle(495,-424.27539062,-2379.15673828,88.43685913,181.99365234,-1,-1); //Sandking
AddStaticVehicle(495,-421.22314453,-2387.05639648,88.43685913,193.98852539,-1,-1); //Sandking
AddStaticVehicle(495,-418.81134033,-2397.46606445,88.43685913,187.98559570,-1,-1); //Sandking


// ROZBUDOWANE LV // przeniesione do kodu!

//AddStaticVehicle(500,2172.13696289,1009.36505127,11.04031277,90.00000000,79,79); //Mesa
//AddStaticVehicle(561,2132.92260742,1029.86230469,10.74431229,270.00000000,3,1); //Stratum
//AddStaticVehicle(521,2122.61132812,987.50097656,10.51068974,0.00000000,11,11); //FCR-900
//AddStaticVehicle(521,2125.82324219,987.62158203,10.48069000,0.00000000,1,1); //FCR-900
//AddStaticVehicle(522,2157.61108398,987.98626709,10.48069000,0.00000000,23,54); //NRG-500
//AddStaticVehicle(522,2154.64550781,987.92089844,10.48069000,0.00000000,1,1); //NRG-500
//AddStaticVehicle(510,2132.18457031,987.54492188,10.51615429,0.00000000,-1,1); //Mountain Bike
//AddStaticVehicle(586,2135.23461914,987.89593506,10.41731262,0.00000000,65,65); //Wayfarer
//AddStaticVehicle(510,2148.20800781,987.47265625,10.51615429,0.00000000,1,1); //Mountain Bike
//AddStaticVehicle(586,2144.90502930,987.69665527,10.41731262,0.00000000,126,126); //Wayfarer
//AddStaticVehicle(422,2172.13940430,1012.92822266,10.90031242,90.00000000,1,1); //Bobcat
//AddStaticVehicle(573,2189.30200195,989.58697510,11.65361786,180.00000000,54,54); //Duneride
//AddStaticVehicle(578,2111.06933594,1033.01660156,11.43844986,301.45385742,1,1); //DFT-30
//AddStaticVehicle(411,2132.73681641,1021.55548096,10.62031269,270.00000000,13,13); //Infernus
//AddStaticVehicle(429,2132.95214844,1009.77166748,10.57031250,270.00000000,9,9); //Banshee
//AddStaticVehicle(451,2132.88159180,1017.49420166,10.58468437,270.00000000,1,1); //Turismo
//AddStaticVehicle(562,2133.04589844,1013.44177246,10.57386208,270.00000000,66,66); //Elegy
//AddStaticVehicle(603,2132.48828125,1025.66638184,10.82298756,270.00000000,83,83); //Phoenix
//AddStaticVehicle(474,2162.91113281,1022.57647705,10.72031212,270.00000000,102,102); //Hermes
//AddStaticVehicle(533,2141.97363281,1012.95788574,10.62031269,270.00000000,86,86); //Feltzer
//AddStaticVehicle(545,2162.94531250,1026.28784180,10.77031231,270.00000000,102,102); //Hustler
//AddStaticVehicle(536,2142.12988281,1019.39941406,10.67031288,270.00000000,86,86); //Blade
//AddStaticVehicle(567,2142.16821289,1025.62487793,10.79865456,270.00000000,86,86); //Savanna
//AddStaticVehicle(467,2162.95898438,1018.39648438,10.69031239,270.00000000,6,6); //Oceanic


// ROZBUDOWANE SF

AddStaticVehicle(405,-1974.61096191,889.90570068,45.20968246,270.00000000,43,43); //Sentinel
AddStaticVehicle(463,-1984.61669922,899.39508057,44.82668304,0.00000000,88,88); //Freeway
AddStaticVehicle(463,-1981.08203125,899.77258301,44.82668304,0.00000000,84,84); //Freeway
AddStaticVehicle(481,-1984.03063965,868.30010986,44.81845856,0.00000000,65,65); //BMX
AddStaticVehicle(413,-1974.48535156,872.66656494,45.35968399,270.00000000,17,17); //Pony
AddStaticVehicle(456,-1975.31591797,876.34375000,45.45968246,270.00000000,98,98); //Yankee
AddStaticVehicle(429,-1974.55957031,896.68737793,44.95968246,90.00000000,7,7); //Banshee


// ROZBUDOWANE LS

AddStaticVehicle(506,1062.58349609,-1772.62133789,13.14841366,90.00000000,7,1); //Super GT
AddStaticVehicle(541,1062.85522461,-1769.61730957,13.06766224,90.00000000,6,79); //Bullet
AddStaticVehicle(413,1098.48828125,-1772.67480469,13.49517918,90.00000000,19,1); //Pony
AddStaticVehicle(463,1098.57910156,-1754.82910156,12.96997166,90.00000000,88,88); //Freeway
AddStaticVehicle(463,1098.43798828,-1758.06640625,12.96997166,90.00000000,1,1); //Freeway
AddStaticVehicle(581,1098.26855469,-1763.84179688,13.05279922,90.00000000,54,54); //BF-400
AddStaticVehicle(405,1062.33203125,-1740.19824219,13.47655296,90.00000000,85,85); //Sentinel
AddStaticVehicle(455,1080.65917969,-1769.81347656,13.92715073,90.00000000,40,40); //Flatbed
AddStaticVehicle(419,1062.41259766,-1749.05212402,13.37854767,90.00000000,63,63); //Esperanto


// REMONT DROGI W LAS VENTURAS

AddStaticVehicle(486,1828.21142578,1200.71594238,9.63010502,83.48034668,-1,-1); //Dozer
AddStaticVehicle(455,1806.95117188,1191.01269531,7.30437469,0.00000000,-1,-1); //Flatbed
AddStaticVehicle(524,1813.48034668,1248.76989746,7.78757381,332.00817871,-1,-1); //Cement Truck
AddStaticVehicle(524,1801.53027344,1092.89196777,7.78757381,340.07006836,-1,-1); //Cement Truck


// WIETNAM

AddStaticVehicle(425,-628.26599121,-1847.17785645,55.41137314,180.00000000,-1,-1); //Hunter
AddStaticVehicle(425,-643.84069824,-1847.17785645,55.41137314,180.00000000,-1,-1); //Hunter
AddStaticVehicle(425,-611.57586670,-1847.17785645,55.41137314,180.00000000,-1,-1); //Hunter
AddStaticVehicle(425,-595.01489258,-1847.17785645,55.41137314,180.00000000,-1,-1); //Hunter
AddStaticVehicle(548,-664.80163574,-1848.37402344,56.23629761,180.00000000,-1,-1); //Cargobob
AddStaticVehicle(548,-572.52716064,-1848.43774414,56.23629761,180.00000000,-1,-1); //Cargobob


// AFGANISTAN

AddStaticVehicle(432,308.32427979,2028.53906250,17.73996162,90.00000000,-1,-1); //Rhino
AddStaticVehicle(432,308.32427979,2019.00720215,17.73996162,90.00000000,-1,-1); //Rhino
AddStaticVehicle(432,308.32427979,1995.20715332,17.73996162,90.00000000,-1,-1); //Rhino
AddStaticVehicle(432,308.32427979,1985.97143555,17.73996162,90.00000000,-1,-1); //Rhino
AddStaticVehicle(432,308.32427979,1960.58569336,17.73996162,90.00000000,-1,-1); //Rhino
AddStaticVehicle(432,308.32427979,1951.71875000,17.73996162,90.00000000,-1,-1); //Rhino
AddStaticVehicle(432,276.06146240,1951.56250000,17.73996162,270.00000000,-1,-1); //Rhino
AddStaticVehicle(432,276.06146240,1960.11450195,17.73996162,270.00000000,-1,-1); //Rhino
AddStaticVehicle(432,276.06146240,1985.07958984,17.73996162,270.00000000,-1,-1); //Rhino
AddStaticVehicle(432,276.06146240,1993.73901367,17.73996162,270.00000000,-1,-1); //Rhino
AddStaticVehicle(432,276.06146240,2020.09143066,17.73996162,270.00000000,-1,-1); //Rhino
AddStaticVehicle(432,276.06146240,2028.55981445,17.73996162,270.00000000,-1,-1); //Rhino
AddStaticVehicle(433,-30.11466599,1861.59887695,18.21062469,180.00000000,-1,-1); //Barracks
AddStaticVehicle(433,24.86169815,1861.59887695,18.21062469,180.00000000,-1,-1); //Barracks
AddStaticVehicle(470,-14.29429054,1862.22741699,17.75063705,180.00000000,-1,-1); //Patriot
AddStaticVehicle(470,-9.38038349,1862.22741699,17.75063705,180.00000000,-1,-1); //Patriot
AddStaticVehicle(470,3.87324619,1862.22741699,17.75063705,180.00000000,-1,-1); //Patriot
AddStaticVehicle(470,9.34051037,1862.22741699,17.75063705,180.00000000,-1,-1); //Patriot
AddStaticVehicle(520,181.08467102,1688.84228516,21.31583023,0.00000000,-1,-1); //Hydra
AddStaticVehicle(520,139.87821960,1688.84228516,21.31583023,0.00000000,-1,-1); //Hydra
AddStaticVehicle(520,139.74464417,1766.31616211,21.31583023,180.00000000,-1,-1); //Hydra
AddStaticVehicle(520,181.09751892,1766.31616211,21.31583023,180.00000000,-1,-1); //Hydra
AddStaticVehicle(425,226.79606628,1976.61279297,18.49162483,270.00000000,-1,-1); //Hunter
AddStaticVehicle(425,226.79606628,2025.98791504,18.49162483,270.00000000,-1,-1); //Hunter
AddStaticVehicle(425,269.60601807,1866.52697754,18.49162483,0.00000000,-1,-1); //Hunter
AddStaticVehicle(425,171.86738586,1866.52697754,21.26944542,0.00000000,-1,-1); //Hunter
AddStaticVehicle(425,47.89624023,1852.40881348,18.49162483,90.00000000,-1,-1); //Hunter
AddStaticVehicle(425,47.89624023,1837.74035645,18.49162483,90.00000000,-1,-1); //Hunter


// TIR (1)
AddStaticVehicle(514,-245.99655151,1483.17053223,76.29159546,313.00000000,0,0); //Tanker
AddStaticVehicle(515,-228.22257996,1500.01379395,76.74563599,133.00000000,0,0); //Roadtrain
AddStaticVehicle(514,-242.88652039,1479.87268066,76.29159546,312.99499512,0,0); //Tanker
AddStaticVehicle(514,-249.28460693,1486.74096680,76.29159546,312.99499512,0,0); //Tanker
AddStaticVehicle(514,-252.63833618,1490.26171875,76.29159546,312.99499512,0,0); //Tanker
AddStaticVehicle(515,-224.95898438,1496.67578125,76.74563599,132.99493408,0,0); //Roadtrain
AddStaticVehicle(515,-231.44119263,1503.42907715,76.74563599,132.99493408,0,0); //Roadtrain
AddStaticVehicle(515,-247.88526917,1521.12561035,76.74563599,132.99493408,0,0); //Roadtrain
AddStaticVehicle(515,-234.78515625,1506.95117188,76.74563599,132.98950195,0,0); //Roadtrain
AddStaticVehicle(515,-237.98925781,1510.52734375,76.74563599,132.98950195,0,0); //Roadtrain
AddStaticVehicle(515,-241.35253906,1514.04199219,76.74563599,132.98950195,0,0); //Roadtrain
AddStaticVehicle(515,-244.60610962,1517.53771973,76.74563599,132.98950195,0,0); //Roadtrain
AddStaticVehicle(403,-256.56112671,1493.26501465,76.29191589,313.00000000,0,0); //Linerunner
AddStaticVehicle(403,-266.32745361,1503.66125488,76.29191589,312.99499512,0,0); //Linerunner
AddStaticVehicle(403,-259.82620239,1496.71252441,76.29191589,312.99499512,0,0); //Linerunner
AddStaticVehicle(403,-263.00949097,1500.32592773,76.29191589,312.99499512,0,0); //Linerunner
AddStaticVehicle(450,-305.50195312,1579.08593750,75.60937500,134.99450684,0,0); //Artict2
AddStaticVehicle(450,-302.00302124,1575.57788086,75.60937500,134.99450684,0,0); //Artict2
AddStaticVehicle(450,-298.33319092,1572.14147949,75.60937500,134.99450684,0,0); //Artict2
AddStaticVehicle(591,-283.14739990,1557.01525879,75.60937500,134.99450684,0,0); //Artict3
AddStaticVehicle(450,-290.61337280,1564.51977539,75.60937500,134.99450684,0,0); //Artict2
AddStaticVehicle(450,-294.38473511,1568.23168945,75.60937500,134.99450684,0,0); //Artict2
AddStaticVehicle(591,-286.86282349,1560.87207031,75.60937500,134.99450684,0,0); //Artict3
AddStaticVehicle(591,-279.50122070,1553.24377441,75.60937500,134.99450684,0,0); //Artict3
AddStaticVehicle(591,-275.76156616,1549.56628418,75.60937500,134.99450684,0,0); //Artict3
AddStaticVehicle(591,-272.10342407,1545.79016113,75.60937500,134.99450684,0,0); //Artict3
AddStaticVehicle(584,-344.20074463,1517.75476074,75.60937500,0.00000000,0,0); //Petrotr
AddStaticVehicle(584,-339.58654785,1517.75000000,75.60937500,0.00000000,0,0); //Petrotr
AddStaticVehicle(584,-334.89443970,1517.71411133,75.60937500,0.00000000,0,0); //Petrotr
AddStaticVehicle(584,-330.34503174,1517.78173828,75.60937500,0.00000000,0,0); //Petrotr
AddStaticVehicle(584,-325.52804565,1517.69494629,75.60937500,0.00000000,0,0); //Petrotr
AddStaticVehicle(584,-321.01943970,1517.77429199,75.60695648,0.00000000,0,0); //Petrotr

// TIR (2)
AddStaticVehicle(515,-589.63677979,-474.01034546,26.67715836,180.00000000,146,146); //Roadtrain
AddStaticVehicle(515,-579.32843018,-473.83917236,26.67715836,180.00000000,146,146); //Roadtrain
AddStaticVehicle(515,-569.42144775,-474.30371094,26.67715836,180.00000000,146,146); //Roadtrain
AddStaticVehicle(515,-559.42895508,-474.08935547,26.67715836,180.00000000,146,146); //Roadtrain
AddStaticVehicle(515,-549.47332764,-474.30767822,26.67715836,180.00000000,146,146); //Roadtrain
AddStaticVehicle(515,-539.52337646,-474.24966431,26.67715836,180.00000000,146,146); //Roadtrain
AddStaticVehicle(514,-584.75750732,-499.22839355,26.22311211,0.00000000,146,146); //Tanker
AddStaticVehicle(514,-565.79852295,-499.27117920,26.22311211,0.00000000,146,146); //Tanker
AddStaticVehicle(514,-544.33520508,-499.17147827,26.22311211,0.00000000,146,146); //Tanker
AddStaticVehicle(403,-538.39782715,-545.60003662,26.22961235,180.00000000,146,146); //Linerunner
AddStaticVehicle(403,-544.42309570,-545.41918945,26.22961235,180.00000000,146,146); //Linerunner
AddStaticVehicle(403,-550.68341064,-545.40618896,26.22961235,180.00000000,146,146); //Linerunner
AddStaticVehicle(514,-550.51245117,-499.12887573,26.22311211,0.00000000,146,146); //Tanker
AddStaticVehicle(584,-474.10125732,-474.95864868,25.76784325,180.00000000,146,146); //Petrotr
AddStaticVehicle(584,-479.22653198,-474.92352295,25.76784325,180.00000000,146,146); //Petrotr
AddStaticVehicle(584,-484.50866699,-474.88720703,25.76784325,180.00000000,146,146); //Petrotr
AddStaticVehicle(584,-489.60681152,-474.94464111,25.76784325,180.00000000,146,146); //Petrotr
AddStaticVehicle(584,-494.42779541,-474.91175846,25.76784325,180.00000000,146,146); //Petrotr
AddStaticVehicle(584,-499.64602661,-474.87603760,25.76784325,180.00000000,146,146); //Petrotr
AddStaticVehicle(584,-504.49441528,-474.84332275,25.76784325,180.00000000,146,146); //Petrotr
AddStaticVehicle(584,-509.87017822,-474.89886475,25.76784325,180.00000000,146,146); //Petrotr
AddStaticVehicle(591,-473.91497803,-523.79406738,25.76784325,90.00000000,146,146); //Artict3
AddStaticVehicle(591,-473.90972900,-518.31353760,25.76784325,90.00000000,146,146); //Artict3
AddStaticVehicle(591,-473.97360229,-512.48559570,25.76784325,90.00000000,146,146); //Artict3
AddStaticVehicle(591,-473.77954102,-506.95303345,25.76784325,90.00000000,146,146); //Artict3
AddStaticVehicle(591,-473.70104980,-501.20477295,25.76784325,90.00000000,146,146); //Artict3
AddStaticVehicle(450,-514.76306152,-498.80035400,25.76784325,0.00000000,146,146); //Artict2
AddStaticVehicle(450,-509.85504150,-498.77914429,25.76784325,0.00000000,146,146); //Artict2
AddStaticVehicle(450,-504.78002930,-498.76928711,25.76784325,0.00000000,146,146); //Artict2

// TIR (3)
AddStaticVehicle(514,-162.01504517,-200.43554688,2.58340836,168.54083252,-1,-1); //Tanker
AddStaticVehicle(514,-155.94653320,-201.58340454,2.58340836,168.53576660,-1,-1); //Tanker
AddStaticVehicle(514,-149.21397400,-202.93043518,2.58340836,168.53576660,-1,-1); //Tanker
AddStaticVehicle(514,-142.78260803,-204.18666077,2.58340836,168.53576660,-1,-1); //Tanker
AddStaticVehicle(514,-136.40367126,-205.42768860,2.58340836,168.53576660,-1,-1); //Tanker
AddStaticVehicle(514,-130.13978577,-206.72979736,2.58340836,168.53576660,-1,-1); //Tanker
AddStaticVehicle(514,-100.26088715,-314.79797363,2.12936258,180.93054199,-1,-1); //Tanker
AddStaticVehicle(514,-94.20153809,-314.81140137,2.12936258,180.92834473,-1,-1); //Tanker
AddStaticVehicle(514,-93.30469513,-389.33483887,2.12968779,84.19384766,-1,-1); //Tanker
AddStaticVehicle(514,-92.72103882,-382.75396729,2.12968779,84.19372559,-1,-1); //Tanker
AddStaticVehicle(591,-234.05526733,-193.15388489,1.67968750,166.28363037,-1,-1); //Artict3
AddStaticVehicle(591,-228.95994568,-194.65266418,1.67968750,166.28350830,-1,-1); //Artict3
AddStaticVehicle(591,-223.89164734,-196.14416504,1.67968750,166.28350830,-1,-1); //Artict3
AddStaticVehicle(591,-218.46929932,-197.64292908,1.67968750,166.27807617,-1,-1); //Artict3
AddStaticVehicle(435,-213.02073669,-198.95692444,1.67968750,166.27807617,-1,-1); //Artict1
AddStaticVehicle(435,-207.39517212,-200.41986084,1.67968750,166.27807617,-1,-1); //Artict1
AddStaticVehicle(435,-201.76669312,-201.78663635,1.67968750,166.27807617,-1,-1); //Artict1
AddStaticVehicle(435,-196.13671875,-202.99121094,1.67968750,166.27807617,-1,-1); //Artict1
AddStaticVehicle(435,-190.69692993,-204.52732849,1.67968750,166.27807617,-1,-1); //Artict1
AddStaticVehicle(435,-185.41252136,-205.73156738,1.67968750,166.27807617,-1,-1); //Artict1

// TIR (4)
AddStaticVehicle(403,2833.66333008,850.83825684,11.45779705,180.00000000,-1,-1); //Linerunner
AddStaticVehicle(403,2839.14257812,850.76953125,11.45779705,180.00000000,-1,-1); //Linerunner
AddStaticVehicle(403,2844.25024414,850.72967529,11.45779705,180.00000000,-1,-1); //Linerunner
AddStaticVehicle(403,2849.94091797,850.85473633,11.45779705,180.00000000,-1,-1); //Linerunner
AddStaticVehicle(403,2805.43139648,966.69567871,11.44999981,180.00000000,-1,-1); //Linerunner
AddStaticVehicle(403,2811.36279297,966.70373535,11.44999981,180.00000000,-1,-1); //Linerunner
AddStaticVehicle(403,2817.42431641,966.70776367,11.44999981,180.00000000,-1,-1); //Linerunner
AddStaticVehicle(403,2856.79467773,937.25146484,11.44999981,180.00000000,-1,-1); //Linerunner
AddStaticVehicle(403,2862.66503906,937.23522949,11.44999981,180.00000000,-1,-1); //Linerunner
AddStaticVehicle(403,2868.73144531,937.42163086,11.44999981,180.00000000,-1,-1); //Linerunner
AddStaticVehicle(591,2874.69018555,898.70275879,11.00000000,0.00000000,-1,-1); //Artict3
AddStaticVehicle(591,2868.83569336,898.61083984,11.00000000,0.00000000,-1,-1); //Artict3
AddStaticVehicle(591,2863.01928711,898.70147705,11.00000000,0.00000000,-1,-1); //Artict3
AddStaticVehicle(591,2847.46923828,899.13177490,11.00000000,0.00000000,-1,-1); //Artict3
AddStaticVehicle(591,2841.75097656,899.30828857,11.00000000,0.00000000,-1,-1); //Artict3
AddStaticVehicle(435,2835.81689453,899.39691162,11.00000000,0.00000000,-1,-1); //Artict1
AddStaticVehicle(435,2809.73632812,899.67932129,11.00000000,0.00000000,-1,-1); //Artict1
AddStaticVehicle(435,2803.43676758,899.61627197,11.00000000,0.00000000,-1,-1); //Artict1
AddStaticVehicle(435,2839.78637695,948.69653320,11.00000000,90.00000000,-1,-1); //Artict1
AddStaticVehicle(435,2839.79296875,954.39794922,11.00000000,90.00000000,-1,-1); //Artict1

// TIR (5)
CreateVehicle(515,2155.49682617,-2291.20922852,14.68387127,227.51428223,-1,-1); //Roadtrain
CreateVehicle(515,2169.12597656,-2275.64550781,14.68387127,227.51037598,-1,-1); //Roadtrain
CreateVehicle(515,2175.51000977,-2268.02172852,14.68387127,227.51037598,-1,-1); //Roadtrain
CreateVehicle(584,2178.48559570,-2319.35473633,13.79687500,49.03466797,-1,-1); //Petrotr
CreateVehicle(584,2181.52514648,-2315.96777344,13.79687500,49.03198242,-1,-1); //Petrotr
CreateVehicle(584,2184.53320312,-2312.48120117,13.79687500,49.03198242,-1,-1); //Petrotr


// PUNKT KONTROLI POJAZDÓW

AddStaticVehicle(525,1053.25476074,1838.33142090,10.81031227,0.00000000,-1,-1); //Tow Truck
AddStaticVehicle(525,1058.84069824,1838.41857910,10.81031227,0.00000000,-1,-1); //Tow Truck
AddStaticVehicle(525,1064.41467285,1838.41796875,10.81031227,0.00000000,-1,-1); //Tow Truck
AddStaticVehicle(525,1070.08569336,1838.50573730,10.81031227,0.00000000,-1,-1); //Tow Truck
AddStaticVehicle(530,1084.93920898,1839.18176270,10.62039852,180.00000000,-1,-1); //Forklift
AddStaticVehicle(530,1081.23120117,1839.19018555,10.62039852,180.00000000,-1,-1); //Forklift


// DRAG
(1)
AddStaticVehicle(411,-1674.94860840,-203.76214600,13.94843769,45.00000000,-1,-1); //Infernus
AddStaticVehicle(411,-1677.97924805,-206.67832947,13.94843769,45.00000000,-1,-1); //Infernus
AddStaticVehicle(415,-1682.21093750,-210.76997375,13.99795914,45.00000000,-1,-1); //Cheetah
AddStaticVehicle(415,-1685.17663574,-213.75149536,13.99795914,45.00000000,-1,-1); //Cheetah
AddStaticVehicle(451,-1689.46386719,-217.82160950,13.91280937,45.00000000,-1,-1); //Turismo
AddStaticVehicle(451,-1692.49291992,-220.88484192,13.91280937,45.00000000,-1,-1); //Turismo
AddStaticVehicle(541,-1699.06994629,-184.73472595,13.84843731,225.00000000,-1,-1); //Bullet
AddStaticVehicle(560,-1710.90185547,-196.69256592,14.23045444,225.00000000,-1,-1); //Sultan
AddStaticVehicle(541,-1695.88989258,-181.81269836,13.84843731,225.00000000,-1,-1); //Bullet
AddStaticVehicle(560,-1713.82360840,-199.74681091,14.32280159,225.00000000,-1,-1); //Sultan
AddStaticVehicle(562,-1703.64916992,-189.22444153,14.17902851,225.00000000,-1,-1); //Elegy
AddStaticVehicle(562,-1706.71911621,-192.02001953,13.90198708,225.00000000,-1,-1); //Elegy
AddStaticVehicle(603,-1690.45288086,-176.68791199,14.15111256,225.00000000,-1,-1); //Phoenix
AddStaticVehicle(603,-1687.21850586,-173.43418884,14.15111256,225.00000000,-1,-1); //Phoenix
AddStaticVehicle(522,-1666.75036621,-195.76736450,13.80881500,45.00000000,-1,-1); //NRG-500
AddStaticVehicle(522,-1669.04333496,-197.74389648,13.80881500,45.00000000,-1,-1); //NRG-500
(2)
AddStaticVehicle(562,196.01673889,-265.46493530,1.33167458,270.00000000,-1,-1); //Elegy
AddStaticVehicle(560,196.16986084,-261.13107300,1.38310015,270.00000000,-1,-1); //Sultan
AddStaticVehicle(411,196.42921448,-256.75119019,1.37812483,270.00000000,-1,-1); //Infernus
AddStaticVehicle(559,196.21296692,-252.18652344,1.33218861,270.00000000,-1,-1); //Jester
AddStaticVehicle(541,217.04136658,-268.93579102,1.27812505,0.00000000,-1,-1); //Bullet
AddStaticVehicle(506,212.87669373,-268.57742310,1.37023830,0.00000000,-1,-1); //Super GT
AddStaticVehicle(558,208.45199585,-268.51931763,1.37023830,0.00000000,-1,-1); //Uranus


// ANDROMEDY

AddStaticVehicle(590,2309.34057617,1230.99682617,1522.90393066,0.00000000,-1,-1); //Freight Carriage
AddStaticVehicle(590,-1909.11254883,848.11169434,1522.82897949,0.00000000,-1,-1); //Freight Carriage
AddStaticVehicle(590,1109.87902832,-1452.34985352,1522.74499512,0.00000000,-1,-1); //Freight Carriage


// PUSTYNIA-LOT

AddStaticVehicle(512,405.00549316,2456.12915039,17.13400078,0.00000000,-1,-1); //Cropdust


// POSTERUNEK POLICJI W LS

AddStaticVehicle(497,1559.30480957,-1632.77160645,30.53833008,0.00000000,-1,-1); //Police Maverick


// WYRZUTNIE
// 3
AddStaticVehicle(411,2477.09667969,-2672.64208984,13.44034100,0.00000000,-1,-1); //Infernus
AddStaticVehicle(603,2465.52978516,-2672.71582031,13.89160252,0.00000000,-1,-1); //Phoenix
AddStaticVehicle(522,2472.51049805,-2671.85058594,13.31758881,0.00000000,-1,-1); //NRG-500
AddStaticVehicle(521,2470.03027344,-2671.79785156,13.32901955,0.00000000,-1,-1); //FCR-900
AddStaticVehicle(438,2450.73876953,-2672.18603516,14.35508728,0.00000000,-1,-1); //Cabbie
// 4
AddStaticVehicle(562,-1929.31359863,585.44195557,34.87393188,0.00000000,-1,-1); //Elegy
AddStaticVehicle(471,-1935.35266113,585.52740479,34.74687576,180.00000000,-1,-1); //Quad
AddStaticVehicle(522,-1938.39868164,585.61242676,34.77276993,0.00000000,-1,-1); //NRG-500
AddStaticVehicle(510,-1932.42810059,585.36315918,34.82078171,180.00000000,-1,-1); //Mountain Bike
AddStaticVehicle(400,-1956.49755859,585.93804932,35.24481583,0.00000000,-1,-1); //Landstalker
AddStaticVehicle(560,-1944.33178711,585.62530518,34.92997360,180.00000000,-1,-1); //Sultan



// Baza gangu B
AddStaticVehicle(452,-647.29144287,866.95629883,0.00000000,48.00000000,158,158); //Speeder
AddStaticVehicle(487,-717.17175293,951.95330811,28.67828369,0.00000000,158,158); //Maverick
AddStaticVehicle(487,-706.72900391,951.83105469,28.67828369,0.00000000,158,158); //Maverick
AddStaticVehicle(595,-647.1194,874.5389,0.1910,48.1958,158,158); //Launch

// Baza gangu GsG
AddStaticVehicle(560,821.99035645,2884.79760742,10.34467506,0.00000000,-1,-1); //Sultan
AddStaticVehicle(560,817.44085693,2884.84228516,10.34467506,0.00000000,-1,-1); //Sultan
AddStaticVehicle(408,801.85290527,2884.92919922,11.28969955,87.77758789,-1,-1); //Trashmaster
AddStaticVehicle(487,671.12933350,2923.93676758,13.91189671,291.77960205,-1,-1); //Maverick

// Baza gangu CB
//AddStaticVehicle(541,-1822.88562012,2086.46191406,6.48131657,18.14019775,44,44); //Bullet
//AddStaticVehicle(487,-1879.92956543,2075.48071289,4.01785183,16.12652588,44,44); //Maverick
//AddStaticVehicle(560,-1827.76757812,2084.20043945,4.97329807,16.12652588,44,44); //Sultan
//AddStaticVehicle(482,-1833.24438477,2083.56103516,4.01789093,13.67419434,44,44); //Burrito

// Baza gangu WOLNA
//AddStaticVehicle(487,1014.68969727,-2579.53442383,90.13581085,225.00000000,22,22); //Maverick
//AddStaticVehicle(578,1106.69555664,-2490.24707031,26.18164444,224.14898682,22,22); //DFT-30
//AddStaticVehicle(560,1102.36523438,-2493.91503906,26.21814156,224.67346191,22,22); //Sultan
//AddStaticVehicle(451,1110.31762695,-2486.09619141,24.32407761,225.11419678,22,22); //Turismo

// Baza gangu WOLNA
//AddStaticVehicle(418,2851.43359375,-265.71301270,9.83066654,0.00000000,51,51); //Moonbeam
//AddStaticVehicle(541,2850.98754883,-236.09053040,10.44651604,176.41625977,51,51); //Bullet
//AddStaticVehicle(490,2854.74414062,-235.77626038,10.40576839,176.41625977,51,51); //FBI Rancher

// Baza gangu WOLNA
//AddStaticVehicle(487,-538.38232422,2211.57763672,44.85035324,180.00000000,44,44); //Maverick

// Baza gangu I
AddStaticVehicle(453,-625.06823730,1396.98583984,0.00000000,0.00000000,252,252); //Reefer
AddStaticVehicle(487,-757.90985107,1412.17871094,15.93382168,0.00000000,252,252); //Maverick
AddStaticVehicle(415,-720.25415039,1437.42919922,18.32608414,0.00000000,252,252); //Cheetah
AddStaticVehicle(405,-723.89166260,1437.63671875,18.47656250,0.00000000,252,252); //Sentinel

// Baza gangu k4e
AddStaticVehicle(497,-3113.02343750,-654.47863770,4.50608015,90.00000000,95,95); //Police Maverick
AddStaticVehicle(560,-2925.92993164,-682.44775391,6.57308626,268.25000000,95,95); //Sultan
AddStaticVehicle(560,-2926.58129883,-698.43041992,6.57308626,268.24768066,95,95); //Sultan

// Baza gangu UNL
AddStaticVehicle(487,-2227.56542969,2326.86718750,16.06187439,177.99499512,86,86); //Maverick
AddStaticVehicle(562,-2227.69531250,2333.45703125,7.30042458,181.49963379,86,86); //Elegy
AddStaticVehicle(411,-2221.54687500,2333.23144531,7.44162416,181.99951172,86,86); //Infernus
AddStaticVehicle(560,-2234.06103516,2333.66406250,7.35185003,180.00000000,86,86); //Sultan

// Baza gangu OWN
//AddStaticVehicle(579,1516.73132324,-695.07824707,94.84864044,90.00000000,5,5); //Huntley
//AddStaticVehicle(579,1516.51135254,-690.72857666,94.84864044,90.00000000,5,5); //Huntley
//AddStaticVehicle(560,1502.54467773,-701.77734375,94.55497742,162.75000000,5,5); //Sultan
//AddStaticVehicle(409,1491.07690430,-693.67608643,94.67500305,233.75000000,5,5); //Stretch

// Baza gangu CR
//AddStaticVehicle(409,-533.26007080,3132.33203125,15.50415516,211.25000000,54,54); //Stretch
//AddStaticVehicle(560,-526.02612305,3153.18798828,15.38413048,180.00000000,54,54); //Sultan
//AddStaticVehicle(490,-521.37133789,3152.08203125,15.89928150,180.00000000,54,54); //FBI Rancher
//AddStaticVehicle(400,-516.27478027,3153.11425781,15.71526527,0.00000000,54,54); //Landstalker


// baza ek
AddStaticVehicle(487,2633.00000000,501.60000610,7.19999981,0.00000000,-1,-1,15); //Maverick
AddStaticVehicle(560,2619.59960938,517.50000000,6.83000040,179.99450684,-1,-1,15); //Sultan
AddStaticVehicle(560,2646.69995117,489.10000610,6.80000019,0.00000000,-1,-1,15); //Sultan
AddStaticVehicle(475,2645.19995117,517.70001221,6.90000010,90.00000000,-1,-1,15); //Sabre

// /wyspas

AddStaticVehicle(446,3349.0747,-2025.4513,-0.2889,182.2125,3,3); // squallo
AddStaticVehicle(493,3349.3037,-2012.5593,-0.3205,121.2362,36,13); //  Jetmax


