//swieta
//CreateDynamicObject(654,2478.3554688,-1680.8916016,11.1359501,0.0000000,0.0000000,121.2890625); //object(pinetree08) (1)
//CreateDynamicObject(902,2478.3176270,-1681.0678711,32.9594574,325.0000000,90.0000000,32.8204041); //object(starfish) (1)
//CreateDynamicObject(902,2485.0356445,-1655.8696289,32.9594574,324.9975586,90.0000000,310.7425537); //object(starfish) (2)
//CreateDynamicObject(654,2485.6689453,-1656.0302734,11.1359501,0.0000000,0.0000000,184.6911621); //object(pinetree08) (2)
//CreateDynamicObject(3472,2485.3979492,-1655.7863770,8.6731586,0.0000000,0.0000000,110.8846130); //object(circuslampost03) (7)
//CreateDynamicObject(3472,2485.3974609,-1655.7861328,12.1981497,0.0000000,0.0000000,157.3773804); //object(circuslampost03) (8)
//CreateDynamicObject(3472,2485.3974609,-1655.7861328,17.2231483,0.0000000,0.0000000,92.5573730); //object(circuslampost03) (9)
//CreateDynamicObject(654,2504.9570312,-1675.4824219,11.1359501,0.0000000,0.0000000,14.8480225); //object(pinetree08) (3)
//CreateDynamicObject(3472,2478.4814453,-1680.5927734,6.7981415,0.0000000,0.0000000,92.5543213); //object(circuslampost03) (10)
//CreateDynamicObject(3472,2478.4411621,-1680.6357422,13.1731386,0.0000000,0.0000000,131.7700195); //object(circuslampost03) (11)
//CreateDynamicObject(3472,2478.4067383,-1680.5942383,18.6481323,0.0000000,0.0000000,115.7958984); //object(circuslampost03) (12)
//CreateDynamicObject(3472,2505.0263672,-1675.7255859,7.5481443,0.0000000,0.0000000,92.5543213); //object(circuslampost03) (13)
//CreateDynamicObject(3472,2505.1716309,-1675.5732422,13.9231434,0.0000000,0.0000000,167.5799561); //object(circuslampost03) (14)
//CreateDynamicObject(3472,2505.1342773,-1675.7103271,17.7481422,0.0000000,0.0000000,133.2916260); //object(circuslampost03) (15)
//CreateDynamicObject(902,2505.1035156,-1675.6951904,32.9594574,324.9975586,90.0000000,153.1004639); //object(starfish) (3)
//CreateDynamicObject(902,1104.1199951,-1778.2961426,32.5356255,0.0000000,90.0000000,147.3544312); //object(starfish) (4)
//CreateDynamicObject(3472,1103.8890381,-1778.1164551,12.3546944,0.0000000,0.0000000,342.4438477); //object(circuslampost03) (16)
//CreateDynamicObject(654,1103.6962891,-1778.2333984,10.7043152,0.0000000,0.0000000,87.5885010); //object(pinetree08) (4)
//CreateDynamicObject(3472,1103.8671875,-1778.1914062,8.5296946,0.0000000,0.0000000,4.5758057); //object(circuslampost03) (17)
//CreateDynamicObject(3472,1104.1347656,-1778.3544922,16.8546886,0.0000000,0.0000000,27.4152832); //object(circuslampost03) (19)
//CreateDynamicObject(654,1057.7832031,-1778.8437500,10.7043152,0.0000000,0.0000000,138.4277344); //object(pinetree08) (5)
//CreateDynamicObject(3472,1057.8560791,-1778.5720215,16.8546886,0.0000000,0.0000000,273.9291992); //object(circuslampost03) (20)
//CreateDynamicObject(3472,1057.7668457,-1778.5463867,12.7296829,2.2851562,0.0000000,320.0097656); //object(circuslampost03) (21)
//CreateDynamicObject(3472,1057.7167969,-1778.5700684,9.4296799,2.2851562,0.0000000,30.2783203); //object(circuslampost03) (22)
//CreateDynamicObject(902,1057.7946777,-1778.6567383,32.5356255,0.0000000,90.0000000,30.8191833); //object(starfish) (5)
//CreateDynamicObject(654,1057.4140625,-1734.3037109,10.7043152,0.0000000,0.0000000,208.8720703); //object(pinetree08) (6)
//CreateDynamicObject(3472,1056.9833984,-1734.3598633,9.4296799,2.2851562,0.0000000,138.2409668); //object(circuslampost03) (23)
//CreateDynamicObject(3472,1057.1418457,-1734.1831055,13.5546789,2.2851562,0.0000000,167.2393799); //object(circuslampost03) (24)
//CreateDynamicObject(3472,1057.1369629,-1734.2275391,17.9046783,2.2851562,0.0000000,262.6391602); //object(circuslampost03) (25)
//CreateDynamicObject(902,1057.2197266,-1733.8800049,32.5356255,0.0000000,90.0000000,288.3715820); //object(starfish) (6)
//CreateDynamicObject(654,1105.3046875,-1729.8828125,10.7043152,0.0000000,0.0000000,123.5687256); //object(pinetree08) (7)
//CreateDynamicObject(3472,1105.2979736,-1729.7633057,9.4296799,2.2851562,0.0000000,187.5531006); //object(circuslampost03) (26)
//CreateDynamicObject(3472,1105.3317871,-1729.6497803,14.9796791,2.2851562,0.0000000,141.4654541); //object(circuslampost03) (27)
//CreateDynamicObject(3472,1105.2512207,-1729.6828613,18.3546791,2.2851562,0.0000000,149.0954590); //object(circuslampost03) (28)
//CreateDynamicObject(902,1105.2427979,-1729.8294678,32.5356255,0.0000000,90.0000000,200.1890869); //object(starfish) (7)
//CreateDynamicObject(654,2160.3681641,1048.7968750,8.4703159,0.0000000,0.0000000,91.5820312); //object(pinetree08) (8)
//CreateDynamicObject(654,2112.4365234,1030.7412109,8.4703159,0.0000000,0.0000000,197.6660156); //object(pinetree08) (9)
//CreateDynamicObject(654,2106.9853516,987.6904297,8.4703159,0.0000000,0.0000000,261.0681152); //object(pinetree08) (10)
//CreateDynamicObject(654,2193.9433594,987.8974609,8.4703159,0.0000000,0.0000000,359.6923828); //object(pinetree08) (11)
//CreateDynamicObject(3472,2194.3161621,987.6560059,6.6703129,0.0000000,0.0000000,71.9714355); //object(circuslampost03) (29)
//CreateDynamicObject(3472,2194.1599121,987.7307739,10.7203121,0.0000000,0.0000000,33.6895752); //object(circuslampost03) (30)
//CreateDynamicObject(3472,2194.1450195,987.6580811,13.8703117,0.0000000,0.0000000,315.7800293); //object(circuslampost03) (31)
//CreateDynamicObject(3472,2106.7944336,987.5933838,13.8703117,0.0000000,0.0000000,48.1256104); //object(circuslampost03) (32)
//CreateDynamicObject(3472,2106.7580566,987.5173340,10.5703144,0.0000000,0.0000000,94.2077637); //object(circuslampost03) (33)
//CreateDynamicObject(3472,2106.7812500,987.4970703,5.8453169,0.0000000,0.0000000,133.2485657); //object(circuslampost03) (34)
//CreateDynamicObject(3472,2112.2775879,1030.8961182,10.5703144,0.0000000,0.0000000,94.2022705); //object(circuslampost03) (35)
//CreateDynamicObject(3472,2112.0839844,1030.8857422,5.6953192,0.0000000,0.0000000,152.0933838); //object(circuslampost03) (36)
//CreateDynamicObject(3472,2112.0839844,1030.8857422,15.1453142,0.0000000,0.0000000,198.1748810); //object(circuslampost03) (37)
//CreateDynamicObject(3472,2160.4738770,1048.8071289,5.6953192,0.0000000,0.0000000,188.0769501); //object(circuslampost03) (38)
//CreateDynamicObject(3472,2160.5092773,1049.0062256,9.4453192,0.0000000,0.0000000,236.2719727); //object(circuslampost03) (39)
//CreateDynamicObject(3472,2160.5820312,1048.9094238,13.7203159,0.0000000,0.0000000,215.6639557); //object(circuslampost03) (40)
//CreateDynamicObject(902,2160.6259766,1048.8111572,29.9787960,71.5324707,264.3837280,69.9569397); //object(starfish) (8)
//CreateDynamicObject(902,2193.9235840,987.5000000,29.9787960,72.2910156,264.1216125,337.2055054); //object(starfish) (9)
//CreateDynamicObject(902,2106.2871094,987.5287476,29.9787960,72.2900391,264.1168213,231.8810883); //object(starfish) (10)
//CreateDynamicObject(902,2112.0754395,1031.2669678,30.2037983,72.2845459,264.1113281,137.2408142); //object(starfish) (11)
//CreateDynamicObject(902,-1994.4356689,860.8464355,64.6218872,0.0000000,270.0000000,224.5590973); //object(starfish) (12)
//CreateDynamicObject(3472,-1994.1551514,860.7157593,39.4203072,0.0000000,0.0000000,0.0000000); //object(circuslampost03) (41)
//CreateDynamicObject(654,-1993.9453125,860.9521484,43.0952988,0.0000000,0.0000000,279.4482422); //object(pinetree08) (12)
//CreateDynamicObject(654,-1993.4804688,907.7684937,43.0952988,0.0000000,0.0000000,214.5135498); //object(pinetree08) (13)
//CreateDynamicObject(654,-1972.0039062,908.3222656,43.0952988,0.0000000,0.0000000,214.5080566); //object(pinetree08) (14)
//CreateDynamicObject(654,-1973.8857422,859.9824219,43.0952988,0.0000000,0.0000000,273.9221191); //object(pinetree08) (15)
//CreateDynamicObject(3472,-1994.1542969,860.7148438,43.6203194,0.0000000,0.0000000,17.9061279); //object(circuslampost03) (42)
//CreateDynamicObject(3472,-1994.1542969,860.7148438,49.0953217,0.0000000,0.0000000,84.3593750); //object(circuslampost03) (43)
//CreateDynamicObject(3472,-1974.1081543,859.8778076,43.6203194,0.0000000,0.0000000,117.2940674); //object(circuslampost03) (44)
//CreateDynamicObject(3472,-1974.1074219,859.8769531,39.5703087,0.0000000,0.0000000,117.2900391); //object(circuslampost03) (45)
//CreateDynamicObject(3472,-1974.1074219,859.8769531,48.6453094,0.0000000,0.0000000,98.2083740); //object(circuslampost03) (46)
//CreateDynamicObject(3472,-1972.3236084,908.4310303,48.6453094,0.0000000,0.0000000,98.2012939); //object(circuslampost03) (47)
//CreateDynamicObject(3472,-1972.2127686,908.3811035,45.4953079,0.0000000,0.0000000,121.6296387); //object(circuslampost03) (48)
//CreateDynamicObject(3472,-1972.3278809,908.5288696,40.0202980,0.0000000,0.0000000,72.4909058); //object(circuslampost03) (49)
//CreateDynamicObject(3472,-1993.8132324,907.7600098,40.0202980,0.0000000,0.0000000,72.4877930); //object(circuslampost03) (50)
//CreateDynamicObject(3472,-1993.8125000,907.7597656,44.0703011,0.0000000,0.0000000,109.2388306); //object(circuslampost03) (51)
//CreateDynamicObject(3472,-1993.8577881,907.9110718,48.8702965,0.0000000,0.0000000,56.8652344); //object(circuslampost03) (52)
//CreateDynamicObject(902,-1993.9289551,908.4411011,64.8468781,0.0000000,270.0000000,124.5750427); //object(starfish) (13)
//CreateDynamicObject(902,-1974.0490723,860.1984863,64.8468781,0.0000000,270.0000000,303.6870422); //object(starfish) (14)
//CreateDynamicObject(654,-2937.8615723,470.7890625,2.8565698,0.0000000,0.0000000,105.6719971); //object(pinetree08) (16)
//CreateDynamicObject(3472,-2937.6203613,471.0625000,3.9065704,0.0000000,0.0000000,66.4571533); //object(circuslampost03) (53)
//CreateDynamicObject(3472,-2937.7419434,471.1149292,8.4065704,0.0000000,0.0000000,103.9691162); //object(circuslampost03) (54)
//CreateDynamicObject(3472,-2937.7304688,471.0473633,3.7565727,0.0000000,0.0000000,9.3273926); //object(circuslampost03) (55)
//CreateDynamicObject(3472,-2937.6232910,471.0669861,-0.3684274,0.0000000,0.0000000,44.5495605); //object(circuslampost03) (56)
//CreateDynamicObject(3472,-1530.6616211,495.4345093,6.1796875,0.0000000,0.0000000,0.0000000); //object(circuslampost03) (57)
//CreateDynamicObject(654,-1530.5576172,495.7519531,6.1796875,0.0000000,0.0000000,288.7866211); //object(pinetree08) (18)
//CreateDynamicObject(3472,-1530.6455078,495.5344849,10.1546850,0.0000000,0.0000000,35.9857178); //object(circuslampost03) (59)
//CreateDynamicObject(3472,-1530.6306152,495.5338135,14.0546846,0.0000000,0.0000000,22.2418213); //object(circuslampost03) (60)
//CreateDynamicObject(902,-1530.5833740,495.5238647,27.7125130,0.0000000,270.0000000,149.1185303); //object(starfish) (15)
//CreateDynamicObject(654,-1650.9648438,-189.3292999,13.1484375,0.0000000,0.0000000,91.5836792); //object(pinetree08) (1)
//CreateDynamicObject(3472,-1650.7875977,-189.2743988,13.1484375,0.0000000,0.0000000,66.4571533); //object(circuslampost03) (1)
//CreateDynamicObject(3472,-1650.7871094,-189.2734375,9.1734381,0.0000000,0.0000000,14.0889282); //object(circuslampost03) (2)
//CreateDynamicObject(3472,-1650.7663574,-189.2013702,17.9484406,0.0000000,0.0000000,342.8518066); //object(circuslampost03) (3)
//CreateDynamicObject(902,-1650.9121094,-188.8079071,34.8234749,0.0000000,270.0000000,88.8285522); //object(starfish) (1)
//CreateDynamicObject(654,1059.8684082,1758.6114502,10.8370256,0.0000000,0.0000000,52.3673401); //object(pinetree08) (1)
//CreateDynamicObject(3472,1060.0830078,1758.7226562,12.3766870,0.0000000,0.0000000,72.7387695); //object(circuslampost03) (2)
//CreateDynamicObject(3472,1060.0830078,1758.7226562,17.0266876,0.0000000,0.0000000,122.0492554); //object(circuslampost03) (3)
//CreateDynamicObject(902,1060.3424072,1758.2484131,31.7285595,325.0000000,90.0000000,171.6041260); //object(starfish) (1)
//CreateDynamicObject(902,3134.2241211,-630.7539062,-1.6474876,0.0000000,0.0000000,0.0000000); //object(starfish) (2)
//CreateDynamicObject(3472,1060.0832520,1758.7229004,7.3516903,0.0000000,0.0000000,0.0000000); //object(circuslampost03) (1)
//CreateDynamicObject(654,1059.8684082,1758.6114502,10.8370256,0.0000000,0.0000000,52.3673401); //object(pinetree08) (1)
//CreateDynamicObject(3472,1060.0830078,1758.7226562,12.3766870,0.0000000,0.0000000,72.7387695); //object(circuslampost03) (2)
//CreateDynamicObject(3472,1060.0830078,1758.7226562,17.0266876,0.0000000,0.0000000,122.0492554); //object(circuslampost03) (3)
//CreateDynamicObject(902,1060.3424072,1758.2484131,31.7285595,325.0000000,90.0000000,171.6041260); //object(starfish) (1)
//CreateDynamicObject(902,3134.2241211,-630.7539062,-1.6474876,0.0000000,0.0000000,0.0000000); //object(starfish) (2)
//CreateDynamicObject(902,-2330.5549316,-1583.6286621,503.0083008,0.0000000,90.7633667,312.2122192); //object(starfish) (17)
//CreateDynamicObject(654,-2330.6708984,-1583.8291016,481.5117493,0.0000000,0.0000000,56.3543701); //object(pinetree08) (17)
//CreateDynamicObject(654,-2344.2832031,-1631.9257812,481.5117493,0.0000000,0.0000000,140.8886719); //object(pinetree08) (20)
//CreateDynamicObject(654,-2281.8613281,-1620.8798828,480.3865662,0.0000000,0.0000000,140.8886719); //object(pinetree08) (21)
//CreateDynamicObject(654,-2321.2490234,-1680.7480469,480.3865662,0.0000000,0.0000000,260.6506348); //object(pinetree08) (22)
//CreateDynamicObject(902,-2344.5920410,-1631.6771240,503.0083008,0.0000000,90.7579651,38.2747192); //object(starfish) (18)
//CreateDynamicObject(902,-2321.6013184,-1680.8905029,502.1081543,0.0000000,90.7525024,81.3035278); //object(starfish) (19)
//CreateDynamicObject(902,-2281.2922363,-1620.5333252,502.1081543,0.0000000,90.7470398,204.4662476); //object(starfish) (20)
//CreateDynamicObject(3472,-2344.3391113,-1631.6800537,480.1529541,0.0000000,0.0000000,0.0000000); //object(circuslampost03) (4)
//CreateDynamicObject(3472,-2344.3044434,-1631.6306152,483.9779663,0.0000000,0.0000000,70.4443359); //object(circuslampost03) (5)
//CreateDynamicObject(3472,-2344.3210449,-1631.6373291,487.8031006,0.0000000,0.0000000,26.6473389); //object(circuslampost03) (6)
//CreateDynamicObject(3472,-2330.3928223,-1583.9285889,480.3778687,0.0000000,0.0000000,26.6473389); //object(circuslampost03) (18)
//CreateDynamicObject(3472,-2330.4204102,-1583.8145752,483.9034424,0.0000000,0.0000000,67.9779053); //object(circuslampost03) (64)
//CreateDynamicObject(3472,-2330.3720703,-1583.7203369,487.8034668,0.0000000,0.0000000,355.4132080); //object(circuslampost03) (65)
//CreateDynamicObject(3472,-2281.9023438,-1620.5802002,477.0032959,0.0000000,0.0000000,355.4132080); //object(circuslampost03) (66)
//CreateDynamicObject(3472,-2281.9023438,-1620.5800781,481.2033691,0.0000000,0.0000000,37.6825867); //object(circuslampost03) (67)
//CreateDynamicObject(3472,-2281.9023438,-1620.5800781,486.9036865,0.0000000,0.0000000,338.2653809); //object(circuslampost03) (68)
//CreateDynamicObject(3472,-2321.4765625,-1680.9354248,481.2033691,0.0000000,0.0000000,37.6776123); //object(circuslampost03) (69)
//CreateDynamicObject(3472,-2321.4765625,-1680.9345703,477.0784302,0.0000000,0.0000000,95.5633240); //object(circuslampost03) (70)
//CreateDynamicObject(3472,-2321.4765625,-1680.9345703,487.0532227,0.0000000,0.0000000,3.2121277); //object(circuslampost03) (71)
//CreateDynamicObject(3472,1016.2442017,2543.4770508,9.7529392,0.0000000,0.0000000,0.0000000); //object(circuslampost03) (72)
//CreateDynamicObject(902,1015.8784180,2543.6259766,29.9718399,180.0000000,90.0000000,0.0000000); //object(starfish) (21)
//CreateDynamicObject(654,1015.9355469,2543.6328125,8.5228739,0.0000000,0.0000000,31.9921875); //object(pinetree08) (23)
//CreateDynamicObject(3472,1016.2369385,2543.4570312,5.1779432,0.0000000,0.0000000,30.4650879); //object(circuslampost03) (73)
//CreateDynamicObject(3472,1016.2511597,2543.5229492,13.8029423,0.0000000,0.0000000,332.7539062); //object(circuslampost03) (74)
//CreateDynamicObject(654,283.9804688,2058.5527344,14.9906187,0.0000000,0.0000000,77.4920654); //object(pinetree08) (24)
//CreateDynamicObject(902,283.9043274,2058.7792969,36.5156593,0.0000000,270.0000000,144.0122681); //object(starfish) (22)
//CreateDynamicObject(3472,284.2154541,2058.6818848,16.6406250,0.0000000,0.0000000,0.0000000); //object(circuslampost03) (75)
//CreateDynamicObject(3472,284.2148438,2058.6816406,11.9906254,0.0000000,0.0000000,57.8857117); //object(circuslampost03) (76)
//CreateDynamicObject(3472,284.3280640,2058.6577148,22.8656521,0.0000000,0.0000000,57.8814697); //object(circuslampost03) (77)
//CreateDynamicObject(3472,-591.6445923,-1866.4147949,44.4514999,0.0000000,0.0000000,0.0000000); //object(circuslampost03) (1)
//CreateDynamicObject(654,-591.9881592,-1866.3692627,43.8635902,0.0000000,0.0000000,49.3121338); //object(pinetree08) (1)
//CreateDynamicObject(3472,-591.6870728,-1866.3831787,49.0265083,0.0000000,0.0000000,44.5550537); //object(circuslampost03) (2)
//CreateDynamicObject(3472,-591.6496582,-1866.3476562,52.8515091,0.0000000,0.0000000,348.3709717); //object(circuslampost03) (3)
//CreateDynamicObject(902,-591.5889282,-1866.6781006,65.6923294,0.0000000,90.0000000,180.0000000); //object(starfish) (1)
//CreateDynamicObject(902,-2438.9841309,2212.4553223,24.8343830,0.0000000,270.0000000,268.9429016); //object(starfish) (23)
//CreateDynamicObject(3472,-2438.7333984,2213.0839844,0.2343733,0.0000000,0.0000000,0.0000000); //object(circuslampost03) (58)
//CreateDynamicObject(654,-2439.0468750,2212.9853516,3.2343745,0.0000000,0.0000000,49.3121338); //object(pinetree08) (25)
//CreateDynamicObject(3472,-2438.7626953,2212.9902344,4.6593719,0.0000000,0.0000000,49.3121338); //object(circuslampost03) (78)
//CreateDynamicObject(3472,-2438.7407227,2213.0605469,9.6843719,0.0000000,0.0000000,340.5596924); //object(circuslampost03) (79)
//CreateDynamicObject(654,1033.0751953,1141.4179688,8.1703167,0.0000000,0.0000000,77.4920654); //object(pinetree08) (26)
//CreateDynamicObject(3472,1033.3116455,1141.5386963,5.4703159,0.0000000,0.0000000,0.0000000); //object(circuslampost03) (80)
//CreateDynamicObject(3472,1033.3461914,1141.5638428,9.6703148,0.0000000,0.0000000,43.7915039); //object(circuslampost03) (81)
//CreateDynamicObject(3472,1033.4017334,1141.6331787,14.2453146,0.0000000,0.0000000,326.2939453); //object(circuslampost03) (82)
//CreateDynamicObject(902,1033.7580566,1141.3848877,29.7053604,0.0000000,270.0000000,353.6571045); //object(starfish) (24)
//CreateDynamicObject(902,1290.6723633,-816.4255371,103.8343887,0.0000000,270.0000000,187.9815674); //object(starfish) (25)
//CreateDynamicObject(3472,1291.1611328,-816.4541016,79.1164093,0.0000000,0.0000000,0.0000000); //object(circuslampost03) (83)
//CreateDynamicObject(654,1290.8867188,-816.3952637,82.4727783,0.0000000,0.0000000,25.7135010); //object(pinetree08) (27)
//CreateDynamicObject(3472,1291.1113281,-816.5278931,83.1663971,0.0000000,0.0000000,329.5294189); //object(circuslampost03) (84)
//CreateDynamicObject(3472,1291.1538086,-816.4468994,87.6663971,0.0000000,0.0000000,48.5485840); //object(circuslampost03) (85)
//CreateDynamicObject(654,-295.7314453,1538.2138672,73.2125549,0.0000000,0.0000000,226.1425781); //object(pinetree08) (28)
//CreateDynamicObject(3472,-295.9705200,1538.2441406,69.5593872,0.0000000,0.0000000,0.0000000); //object(circuslampost03) (86)
//CreateDynamicObject(3472,-295.9697266,1538.2441406,74.2843781,0.0000000,0.0000000,42.2693787); //object(circuslampost03) (87)
//CreateDynamicObject(3472,-295.9697266,1538.2441406,79.3844147,0.0000000,0.0000000,343.6153564); //object(circuslampost03) (88)
//CreateDynamicObject(902,-295.8710022,1538.5447998,94.7593689,0.0000000,270.0000000,167.0245972); //object(starfish) (26)
//CreateDynamicObject(3472,877.4464111,-1241.0340576,13.4155836,0.0000000,0.0000000,317.7305908); //object(circuslampost03) (61)
//CreateDynamicObject(654,877.4443359,-1240.8027344,14.3675022,0.0000000,0.0000000,313.9123535); //object(pinetree08) (19)
//CreateDynamicObject(902,877.4679565,-1241.0698242,35.7766037,359.3172607,270.3414307,259.0224609); //object(starfish) (16)
//CreateDynamicObject(3472,877.3756714,-1241.1080322,17.1655846,0.0000000,0.0000000,287.2595215); //object(circuslampost03) (89)
//CreateDynamicObject(3472,877.3945312,-1240.9785156,21.1405869,0.0000000,0.0000000,119.7615967); //object(circuslampost03) (90)
//CreateDynamicObject(902,-2938.1123047,470.7245178,24.0140762,0.0000000,270.0000000,200.0203857); //object(starfish) (27)