// SPIRALA STUNT

CreateDynamicObject(18835,908.04980469,679.53613281,140.19169617,0.00000000,0.00000000,0.00000000); //object(RBFunnel) (1)
CreateDynamicObject(18840,900.00555420,676.21221924,107.84178925,0.63949585,224.45855713,23.56234741); //object(RB50mBend90Tube) (1)
CreateDynamicObject(18842,858.11218262,658.65216064,98.06070709,0.03295898,268.85736084,22.18536377); //object(RB50mTube) (1)
CreateDynamicObject(18842,813.66839600,640.45428467,97.10253143,0.03295898,268.85742188,22.39562988); //object(RB50mTube) (2)
CreateDynamicObject(18842,767.88403320,621.58843994,96.14435577,0.03295898,268.85742188,22.39562988); //object(RB50mTube) (4)
CreateDynamicObject(18842,723.51623535,603.28540039,95.18618011,0.03295898,268.85742188,22.39562988); //object(RB50mTube) (5)
CreateDynamicObject(18842,677.61761475,584.36853027,94.13218689,0.03295898,268.85742188,22.39562988); //object(RB50mTube) (6)
CreateDynamicObject(18842,633.04394531,565.97857666,93.17401123,0.03295898,268.85742188,22.39562988); //object(RB50mTube) (7)
CreateDynamicObject(18841,594.08654785,566.21691895,93.03601837,272.11523438,334.93612671,1.74084473); //object(RB50mBend180Tube) (1)
CreateDynamicObject(18841,598.71990967,603.31170654,93.03601837,272.11489868,334.93478394,178.18682861); //object(RB50mBend180Tube) (2)
CreateDynamicObject(18842,560.47363281,604.50000000,92.15399933,0.02746582,268.85192871,22.39562988); //object(RB50mTube) (8)
CreateDynamicObject(18841,483.50390625,572.20117188,106.50441742,0.00000000,0.00000000,25.30151367); //object(RB50mBend180Tube) (3)
CreateDynamicObject(18842,514.85644531,585.69921875,91.17383575,0.02746582,268.85192871,22.39562988); //object(RB50mTube) (9)
CreateDynamicObject(18840,516.19390869,576.42437744,122.30718994,270.37585449,279.05267334,167.02050781); //object(RB50mBend90Tube) (2)
CreateDynamicObject(18840,533.72363281,535.97717285,122.74266052,272.31805420,88.54428101,247.24682617); //object(RB50mBend90Tube) (3)
CreateDynamicObject(18842,495.08529663,508.96151733,123.13011169,0.00000000,271.84567261,23.57693481); //object(RB50mTube) (10)
CreateDynamicObject(18842,450.56665039,489.64999390,124.75888062,0.00000000,271.84570312,23.35693359); //object(RB50mTube) (12)
CreateDynamicObject(18839,406.73382568,470.40322876,131.78149414,3.55957031,244.14916992,204.94218445); //object(RB50mBend45Tube) (1)
CreateDynamicObject(18842,373.46716309,456.19006348,163.25556946,0.63436890,315.08612061,23.53945923); //object(RB50mTube) (13)
CreateDynamicObject(18839,339.07196045,441.14950562,193.61756897,356.97558594,68.26434326,201.28491211); //object(RB50mBend45Tube) (4)
CreateDynamicObject(18840,294.14642334,431.04220581,198.38719177,272.31805420,88.54428101,160.41253662); //object(RB50mBend90Tube) (4)
CreateDynamicObject(18840,275.71679688,466.75640869,206.63101196,291.92871094,11.04675293,351.88659668); //object(RB50mBend90Tube) (5)
CreateDynamicObject(18840,310.96743774,485.49584961,222.39854431,292.10510254,13.39001465,269.18762207); //object(RB50mBend90Tube) (6)
CreateDynamicObject(18840,329.01416016,449.95849609,238.46463013,292.09899902,13.38684082,172.66662598); //object(RB50mBend90Tube) (7)
CreateDynamicObject(18840,292.21386719,432.45025635,254.38687134,292.23550415,14.93542480,87.65484619); //object(RB50mBend90Tube) (8)
CreateDynamicObject(18840,276.59179688,469.65332031,270.10583496,291.72369385,7.61721802,340.74346924); //object(RB50mBend90Tube) (9)
CreateDynamicObject(18840,315.51745605,484.53228760,284.89227295,293.50280762,344.52899170,232.97886658); //object(RB50mBend90Tube) (10)
CreateDynamicObject(18840,332.48516846,447.74609375,302.01651001,291.54833984,358.82870483,159.64166260); //object(RB50mBend90Tube) (11)
CreateDynamicObject(18839,293.95373535,425.40756226,312.30633545,291.33822632,86.77032471,180.82551575); //object(RB50mBend45Tube) (6)
CreateDynamicObject(18842,246.05468750,433.57031250,310.40884399,359.69787598,268.28619385,347.11172485); //object(RB50mTube) (14)
CreateDynamicObject(18842,199.23104858,445.94299316,308.97146606,359.69784546,268.28057861,343.29031372); //object(RB50mTube) (20)
CreateDynamicObject(18842,151.46093750,459.22851562,307.21322632,359.69784546,268.28057861,345.58007812); //object(RB50mTube) (21)
CreateDynamicObject(18842,104.01367188,472.39160156,305.67468262,359.69784546,268.28057861,343.29031372); //object(RB50mTube) (22)
CreateDynamicObject(18842,57.79370117,484.97546387,304.14147949,359.69784546,268.28057861,346.36865234); //object(RB50mTube) (23)
CreateDynamicObject(18841,24.83411407,493.41503906,287.90499878,359.64016724,1.79080200,343.38400269); //object(RB50mBend180Tube) (4)
CreateDynamicObject(18842,57.55882263,484.54687500,272.57760620,359.69784546,268.28057861,345.61535645); //object(RB50mTube) (24)
CreateDynamicObject(18840,100.94129181,465.63192749,267.96789551,294.96398926,143.67016602,355.85424805); //object(RB50mBend90Tube) (14)
CreateDynamicObject(18840,92.42187803,427.23175049,247.34225464,297.36145020,210.01464844,332.27050781); //object(RB50mBend90Tube) (15)
CreateDynamicObject(18842,45.64493942,431.40414429,239.85797119,0.00000000,268.28616333,343.87344360); //object(RB50mTube) (25)
CreateDynamicObject(18842,-1.08195353,444.90975952,238.32501221,0.00000000,268.28613281,343.87207031); //object(RB50mTube) (26)
CreateDynamicObject(18842,-45.48930740,457.72470093,236.98367310,0.00000000,268.28613281,343.87207031); //object(RB50mTube) (27)
CreateDynamicObject(18842,-92.07688904,471.20227051,235.56085205,0.00000000,268.28613281,343.87207031); //object(RB50mTube) (28)
CreateDynamicObject(18842,-139.55807495,484.94458008,234.02789307,0.00000000,268.28613281,343.87207031); //object(RB50mTube) (29)
CreateDynamicObject(18841,-177.36082458,486.30596924,244.06204224,36.53100586,347.70141602,349.47564697); //object(RB50mBend180Tube) (5)
CreateDynamicObject(18841,-168.17150879,456.48669434,258.06320190,277.80377197,126.80120850,288.70144653); //object(RB50mBend180Tube) (6)
CreateDynamicObject(18842,-206.48030090,451.56384277,254.99984741,0.00000000,268.28613281,343.87207031); //object(RB50mTube) (30)
CreateDynamicObject(18839,-250.40701294,470.19335938,255.42919922,277.01223755,302.64999390,351.87988281); //object(RB50mBend45Tube) (10)
CreateDynamicObject(18839,-282.44247437,506.53634644,255.52502441,83.27062988,235.79791260,359.53887939); //object(RB50mBend45Tube) (11)
CreateDynamicObject(18839,-329.17138672,517.59063721,252.26696777,83.26538086,235.79406738,41.64645386); //object(RB50mBend45Tube) (12)
CreateDynamicObject(18839,-372.89999390,496.05108643,248.91308594,83.26538086,235.78857422,78.37615967); //object(RB50mBend45Tube) (13)
CreateDynamicObject(18839,-399.82125854,456.60189819,249.87133789,275.98974609,50.74472046,185.68353271); //object(RB50mBend45Tube) (14)
CreateDynamicObject(18839,-440.88992310,432.61499023,253.32104492,354.63635254,286.60089111,27.27450562); //object(RB50mBend45Tube) (15)
CreateDynamicObject(18839,-480.41589355,414.49975586,275.33142090,0.99652100,104.99032593,24.14080811); //object(RB50mBend45Tube) (17)
CreateDynamicObject(18842,-523.96093750,395.32226562,277.51391602,0.41198730,271.09313965,23.28552246); //object(RB50mTube) (32)
CreateDynamicObject(18842,-568.29687500,376.16317749,278.57604980,0.41198730,271.09313965,23.28552246); //object(RB50mTube) (33)
CreateDynamicObject(18842,-613.85229492,356.48974609,279.63012695,0.41198730,271.09313965,23.28552246); //object(RB50mTube) (34)
CreateDynamicObject(18842,-657.88037109,337.52923584,280.57348633,0.41198730,271.09313965,23.28552246); //object(RB50mTube) (35)
CreateDynamicObject(18842,-702.98162842,318.10403442,281.53173828,0.41198730,271.09313965,23.28552246); //object(RB50mTube) (36)
CreateDynamicObject(18840,-741.73443604,294.53472900,288.82720947,287.18261719,164.76196289,136.37951660); //object(RB50mBend90Tube) (19)
CreateDynamicObject(18840,-729.02441406,254.70996094,301.43145752,287.17712402,164.75646973,227.91137695); //object(RB50mBend90Tube) (20)
CreateDynamicObject(18840,-689.69079590,268.78137207,313.91964722,287.17712402,164.75646973,320.19128418); //object(RB50mBend90Tube) (23)
CreateDynamicObject(18840,-702.55914307,308.10345459,326.18106079,287.17163086,164.75646973,44.99749756); //object(RB50mBend90Tube) (24)
CreateDynamicObject(18840,-743.02801514,298.30990601,338.57342529,287.16613770,164.75646973,130.60882568); //object(RB50mBend90Tube) (25)
CreateDynamicObject(18840,-735.25225830,256.52539062,351.08184814,287.16613770,164.75646973,219.21369934); //object(RB50mBend90Tube) (26)
CreateDynamicObject(18840,-693.13037109,261.44436646,363.33792114,287.16613770,164.75646973,302.66122437); //object(RB50mBend90Tube) (27)
CreateDynamicObject(18840,-693.84222412,301.44079590,375.37255859,287.16613770,164.75646973,28.05285645); //object(RB50mBend90Tube) (28)
CreateDynamicObject(18842,-738.80249023,310.62139893,382.42098999,0.00000000,273.64282227,0.00000000); //object(RB50mTube) (38)
CreateDynamicObject(18842,-787.55346680,310.57415771,385.47250366,0.00000000,273.64196777,0.00000000); //object(RB50mTube) (39)
CreateDynamicObject(18842,-836.07916260,310.53030396,388.63473511,0.00000000,273.64196777,0.00000000); //object(RB50mTube) (40)
CreateDynamicObject(18842,-884.48602295,310.49258423,391.68624878,0.00000000,273.64196777,0.00000000); //object(RB50mTube) (41)
CreateDynamicObject(18842,-929.91058350,310.49066162,394.77822876,0.00000000,273.64196777,0.00000000); //object(RB50mTube) (42)
CreateDynamicObject(18829,-979.41003418,311.07656860,397.08663940,357.79461670,271.74551392,358.83151245); //object(RTexturetube) (1)
CreateDynamicObject(18829,-1028.89514160,312.08074951,398.52401733,357.79174805,271.74133301,358.82995605); //object(RTexturetube) (2)
CreateDynamicObject(18829,-1078.73828125,313.15811157,400.05722046,357.79174805,271.74133301,358.82995605); //object(RTexturetube) (3)
CreateDynamicObject(18829,-1128.16406250,314.22265625,401.59576416,357.79174805,271.73583984,358.82995605); //object(RTexturetube) (4)
CreateDynamicObject(18829,-1177.35876465,315.30233765,403.03314209,357.79174805,271.74133301,358.82995605); //object(RTexturetube) (5)
CreateDynamicObject(18834,-1217.78686523,315.85552979,419.65270996,0.00000000,0.00000000,0.00000000); //object(RT50mBend180Tube1) (1)
CreateDynamicObject(18834,-1187.06677246,303.26315308,436.51986694,273.96057129,13.07373047,203.97766113); //object(RT50mBend180Tube1) (2)
CreateDynamicObject(18833,-1222.45764160,279.84332275,439.41577148,75.11785889,238.89831543,211.53082275); //object(RT50mBend45Tube1) (1)
CreateDynamicObject(18833,-1269.59484863,286.06658936,446.21936035,278.02392578,202.65722656,118.28558350); //object(RT50mBend45Tube1) (2)
CreateDynamicObject(18833,-1315.06030273,271.66882324,451.50576782,75.11352539,238.89773560,217.80194092); //object(RT50mBend45Tube1) (4)
CreateDynamicObject(18833,-1362.38293457,275.44546509,459.11642456,279.70190430,198.60693359,114.18688965); //object(RT50mBend45Tube1) (5)
CreateDynamicObject(18834,-1437.00366211,226.29269409,459.31985474,284.48645020,356.41625977,16.24014282); //object(RT50mBend180Tube1) (4)
CreateDynamicObject(18829,-1406.20898438,257.39663696,463.27124023,359.19921875,270.63110352,28.06018999); //object(RTexturetube) (7)
CreateDynamicObject(18834,-1406.80737305,235.15333557,450.93725586,284.70086670,349.34832764,182.29034424); //object(RT50mBend180Tube1) (6)
CreateDynamicObject(18834,-1438.54943848,231.19567871,443.14984131,284.69970703,349.34323120,351.06677246); //object(RT50mBend180Tube1) (7)
CreateDynamicObject(18834,-1407.97204590,231.42031860,435.30172729,284.69421387,349.33776855,168.56268311); //object(RT50mBend180Tube1) (8)
CreateDynamicObject(18833,-1445.72204590,244.67298889,435.86489868,279.21118164,182.46220398,109.01065063); //object(RT50mBend45Tube1) (8)
CreateDynamicObject(18833,-1481.91772461,215.74450684,443.32971191,279.20654297,182.46093750,152.90631104); //object(RT50mBend45Tube1) (9)
CreateDynamicObject(18833,-1499.36987305,173.16427612,445.43786621,72.77697754,65.20526123,77.32995605); //object(RT50mBend45Tube1) (11)
CreateDynamicObject(18829,-1538.33935547,146.00433350,436.89260864,13.24664307,259.40896606,29.28799438); //object(RTexturetube) (8)
CreateDynamicObject(18829,-1581.56567383,124.12181854,428.06600952,13.24401855,259.40368652,29.28405762); //object(RTexturetube) (9)
CreateDynamicObject(18834,-1612.75646973,94.73719025,428.83029175,291.66299438,189.75080872,206.99320984); //object(RT50mBend180Tube1) (9)
CreateDynamicObject(18834,-1583.38952637,103.08196259,440.20904541,291.65954590,189.75035095,22.32455444); //object(RT50mBend180Tube1) (10)
CreateDynamicObject(18834,-1615.06079102,98.19562531,451.79434204,291.65405273,189.74487305,193.55276489); //object(RT50mBend180Tube1) (11)
CreateDynamicObject(18834,-1582.88232422,98.87227631,463.24868774,291.65405273,189.73937988,7.09652710); //object(RT50mBend180Tube1) (12)
CreateDynamicObject(18829,-1621.59680176,111.20589447,470.52416992,357.78753662,271.72961426,6.58212280); //object(RTexturetube) (10)
CreateDynamicObject(18829,-1670.15844727,105.65592194,471.86572266,357.78625488,271.72485352,6.58081055); //object(RTexturetube) (11)
CreateDynamicObject(18829,-1718.07824707,100.21712494,473.30310059,357.78625488,271.72485352,6.58081055); //object(RTexturetube) (12)
CreateDynamicObject(18829,-1765.62756348,94.81831360,474.74047852,357.78625488,271.72485352,6.58081055); //object(RTexturetube) (13)
CreateDynamicObject(18833,-1812.79846191,86.92422485,474.49447632,70.01043701,274.07437134,18.99612427); //object(RT50mBend45Tube1) (12)
CreateDynamicObject(18833,-1849.66369629,58.28514862,475.26107788,70.01037598,274.07043457,49.45663452); //object(RT50mBend45Tube1) (13)
CreateDynamicObject(18833,-1871.88159180,17.86292458,475.26107788,286.88345337,265.12493896,44.42480469); //object(RT50mBend45Tube1) (14)
CreateDynamicObject(18833,-1910.62011719,-11.88470745,478.17630005,301.49511719,88.02496338,44.39324951); //object(RT50mBend45Tube1) (15)
CreateDynamicObject(18833,-1931.04345703,-53.48674774,472.61843872,303.86199951,271.80538940,262.92797852); //object(RT50mBend45Tube1) (16)
CreateDynamicObject(18833,-1933.12243652,-101.33296967,477.12756348,291.90515137,296.48852539,99.11029053); //object(RT50mBend45Tube1) (17)
CreateDynamicObject(18834,-1942.19848633,-144.74429321,482.03369141,60.36785889,138.52050781,270.31250000); //object(RT50mBend180Tube1) (13)
CreateDynamicObject(18834,-1901.95581055,-139.38673401,469.71157837,54.11257935,233.91229248,6.50070190); //object(RT50mBend180Tube1) (14)
CreateDynamicObject(18833,-1911.79052734,-173.85977173,490.26629639,291.81262207,42.51306152,171.70446777); //object(RT50mBend45Tube1) (18)
CreateDynamicObject(18833,-1951.65148926,-198.59127808,500.93377686,291.20098877,115.69857788,72.59011841); //object(RT50mBend45Tube1) (19)
CreateDynamicObject(18829,-1973.40673828,-241.57792664,504.18371582,359.45584106,272.44671631,67.27081299); //object(RTexturetube) (14)
CreateDynamicObject(18829,-1992.23364258,-286.34179688,506.29187012,359.45068359,272.44445801,67.26928711); //object(RTexturetube) (15)
CreateDynamicObject(18829,-2010.57836914,-330.13446045,508.32958984,359.45068359,272.44445801,67.26928711); //object(RTexturetube) (16)
CreateDynamicObject(18829,-2029.28259277,-374.53118896,510.43774414,359.45068359,272.44445801,67.26928711); //object(RTexturetube) (17)
CreateDynamicObject(18833,-2044.97302246,-419.72238159,508.12725830,49.48278809,113.19369507,245.20336914); //object(RT50mBend45Tube1) (21)
CreateDynamicObject(18833,-2042.27648926,-463.90426636,491.13015747,8.83880615,259.83630371,97.86532593); //object(RT50mBend45Tube1) (23)
CreateDynamicObject(18829,-2037.20947266,-511.95242310,494.03060913,358.66693115,275.94186401,94.20437622); //object(RTexturetube) (21)
CreateDynamicObject(18829,-2033.73193359,-561.05816650,499.13488770,358.66516113,275.93811035,94.20227051); //object(RTexturetube) (22)
CreateDynamicObject(18829,-2030.38867188,-608.59765625,504.04736328,358.66516113,275.93811035,94.20227051); //object(RTexturetube) (23)
CreateDynamicObject(18829,-2026.84191895,-656.73187256,509.17169189,358.66516113,275.93811035,94.20227051); //object(RTexturetube) (24)
CreateDynamicObject(18829,-2023.33728027,-705.70672607,514.25561523,358.66516113,275.93811035,94.20227051); //object(RTexturetube) (25)
CreateDynamicObject(18829,-2019.95385742,-753.46276855,519.20849609,358.66516113,275.93811035,94.20227051); //object(RTexturetube) (26)
CreateDynamicObject(18834,-2017.84912109,-792.61199951,537.99761963,5.37155151,177.79235840,277.43341064); //object(RT50mBend180Tube1) (15)
CreateDynamicObject(18834,-2038.98791504,-712.32135010,550.48547363,82.05563354,2.94604492,262.19360352); //object(RT50mBend180Tube1) (16)
CreateDynamicObject(18829,-2023.07983398,-752.64410400,550.77130127,358.66516113,275.93811035,94.20227051); //object(RTexturetube) (29)
CreateDynamicObject(18833,-2058.69213867,-748.34143066,554.18475342,340.39926147,254.79772949,261.08187866); //object(RT50mBend45Tube1) (25)
CreateDynamicObject(18833,-2061.90966797,-791.36834717,574.56604004,56.18273926,130.84957886,34.37338257); //object(RT50mBend45Tube1) (26)
CreateDynamicObject(18833,-2085.56079102,-832.54266357,581.64727783,284.25381470,253.56736755,235.02386475); //object(RT50mBend45Tube1) (27)
CreateDynamicObject(18829,-2092.76342773,-879.98516846,586.67163086,358.66516113,275.93811035,79.86755371); //object(RTexturetube) (30)
CreateDynamicObject(18829,-2101.35839844,-927.37718765,591.56390381,358.65966797,275.93811035,79.86511230); //object(RTexturetube) (31)
CreateDynamicObject(18829,-2109.81591797,-974.78521729,596.55200195,358.65966797,275.93811035,79.86511230); //object(RTexturetube) (32)
CreateDynamicObject(18829,-2118.66210938,-1023.18933105,601.63073730,358.65966797,275.93811035,79.86511230); //object(RTexturetube) (33)
CreateDynamicObject(18829,-2127.38427734,-1071.73376465,606.77008057,358.65966797,275.93811035,79.86511230); //object(RTexturetube) (34)
CreateDynamicObject(18829,-2135.96899414,-1118.82824707,611.75299072,358.65966797,275.93811035,79.86511230); //object(RTexturetube) (35)
CreateDynamicObject(18829,-2144.56860352,-1166.32031250,616.83172607,358.65966797,275.93811035,79.86511230); //object(RTexturetube) (36)
CreateDynamicObject(18829,-2153.32958984,-1214.30749512,621.91564941,358.65966797,275.93811035,79.86511230); //object(RTexturetube) (37)
CreateDynamicObject(18829,-2162.32348633,-1261.44555664,629.35998535,357.29394531,282.06298828,80.08154297); //object(RTexturetube) (38)
CreateDynamicObject(18829,-2171.69628906,-1308.18652344,634.77178955,359.82141113,270.68853760,78.00253296); //object(RTexturetube) (39)
CreateDynamicObject(18834,-2166.74975586,-1350.81469727,628.81726074,61.31427002,170.99621582,264.59143066); //object(RT50mBend180Tube1) (18)
CreateDynamicObject(18834,-2161.29931641,-1323.30895996,610.92797852,60.94592285,193.35321045,69.39807129); //object(RT50mBend180Tube1) (20)
CreateDynamicObject(18834,-2167.61840820,-1355.70654297,598.82287598,61.30920410,170.99121094,264.58923340); //object(RT50mBend180Tube1) (22)
CreateDynamicObject(18834,-2162.19628906,-1327.92993164,580.91857910,60.94116211,193.34838867,69.39514160); //object(RT50mBend180Tube1) (23)
CreateDynamicObject(18834,-2168.72412109,-1360.69433594,568.83367920,61.30371094,170.98571777,264.58923340); //object(RT50mBend180Tube1) (24)
CreateDynamicObject(18834,-2163.09472656,-1333.07373047,550.90917969,60.94116211,193.34838867,69.39514160); //object(RT50mBend180Tube1) (26)
CreateDynamicObject(18833,-2189.05639648,-1368.31420898,546.89227295,278.17761230,311.33850098,96.02777100); //object(RT50mBend45Tube1) (28)
CreateDynamicObject(18833,-2227.46337891,-1395.78137207,551.51727295,276.41992188,327.55822754,73.59240723); //object(RT50mBend45Tube1) (28)
CreateDynamicObject(18843,-2290.30859375,-1372.35021973,557.56707764,0.68478394,274.83972168,328.61389160); //object(GlassSphere1) (3)
CreateDynamicObject(18981,897.56640625,723.76660156,152.30603027,0.00000000,90.00000000,13.42529297); //object(Concrete1mx25mx25m) (1)
CreateDynamicObject(3095,897.00000000,722.00000000,152.80328369,0.00000000,179.99450684,0.00000000); //object(a51_jetdoor) (1)
CreateDynamicObject(18816,891.21942139,747.53845215,127.07168579,0.00000000,0.88989258,21.49563599); //object(Tube50mFunnel4) (1)
CreateDynamicObject(18824,878.90570068,743.69470215,82.98251343,0.00000000,313.41223145,197.79992676); //object(Tube50mGlass90Bend1) (2)
CreateDynamicObject(18824,649.52307129,676.54431152,83.01332855,301.30108643,318.84289551,23.27114868); //object(Tube50mGlass90Bend1) (3)
CreateDynamicObject(18809,836.03771973,729.44561768,71.91657257,272.22949219,53.49298096,162.38043213); //object(Tube50mGlass1) (1)
CreateDynamicObject(18809,788.92877197,713.61889648,73.16220093,272.22473145,53.49243164,162.37792969); //object(Tube50mGlass1) (2)
CreateDynamicObject(18809,741.86798096,697.47210693,74.40782928,272.22473145,53.49243164,162.37792969); //object(Tube50mGlass1) (3)
CreateDynamicObject(18809,694.74780273,681.38970947,75.55764008,272.22473145,53.49243164,162.37792969); //object(Tube50mGlass1) (4)
CreateDynamicObject(18824,638.53912354,708.10754395,104.38861847,302.04541016,43.00726318,17.28921509); //object(Tube50mGlass90Bend1) (4)
CreateDynamicObject(18824,675.50396729,720.97473145,117.98545837,301.30004883,318.83972168,203.51739502); //object(Tube50mGlass90Bend1) (5)
CreateDynamicObject(18824,686.71777344,690.39624023,140.34523010,302.00262451,30.99884033,183.29907227); //object(Tube50mGlass90Bend1) (6)
CreateDynamicObject(18824,650.67846680,681.02062988,156.63087463,297.54815674,331.31500244,30.26049805); //object(Tube50mGlass90Bend1) (8)
CreateDynamicObject(18824,643.56634521,713.33532715,178.08761597,299.90234375,21.35897827,345.72290039); //object(Tube50mGlass90Bend1) (11)
CreateDynamicObject(18824,679.61791992,716.80975342,196.00202942,295.26812744,345.75781250,214.36804199); //object(Tube50mGlass90Bend1) (12)
CreateDynamicObject(18824,680.78540039,682.72491455,215.80963135,296.12878418,13.68331909,146.96234131); //object(Tube50mGlass90Bend1) (13)
CreateDynamicObject(18824,644.75036621,685.35693359,233.41624451,295.26306152,345.75622559,24.69384766); //object(Tube50mGlass90Bend1) (14)
CreateDynamicObject(18824,650.65350342,720.46624756,250.25357056,290.88806152,42.87628174,349.11444092); //object(Tube50mGlass90Bend1) (15)
CreateDynamicObject(18824,689.11358643,715.69805908,261.54528809,302.62280273,315.60842896,171.50732422); //object(Tube50mGlass90Bend1) (16)
CreateDynamicObject(18824,684.90942383,684.79724121,285.47903442,306.29443359,20.99694824,142.70562744); //object(Tube50mGlass90Bend1) (17)
CreateDynamicObject(18811,525.86785889,715.44372559,290.20764160,0.00000000,258.26025391,347.45715332); //object(Tube50mGlassBulge1) (1)
CreateDynamicObject(18851,643.32800293,686.83758545,304.69180298,0.00000000,344.76937866,163.87341309); //object(TubeToRoad1) (1)
CreateDynamicObject(18985,455.32943726,729.89355469,285.91912842,0.89581299,0.89602661,78.95739746); //object(Tube100m6) (1)
CreateDynamicObject(18986,331.77758789,752.54150391,255.16223145,0.00000000,60.92248535,351.04077148); //object(TubeToPipe1) (1)
CreateDynamicObject(18999,200.11560059,774.88226318,181.60900879,37.36047363,237.88055420,11.65670776); //object(Tube200mBendy1) (2)
CreateDynamicObject(18825,94.87869263,792.33520508,148.15751648,358.48471069,327.73431396,350.08435059); //object(Tube50m180Bend1) (1)
CreateDynamicObject(18825,99.40039062,778.66168213,179.56436157,313.77905273,55.36395264,224.56994629); //object(Tube50m180Bend1) (2)
CreateDynamicObject(18825,72.42400360,777.17633057,179.70091248,313.36706543,299.56719971,317.42333984); //object(Tube50m180Bend1) (3)
CreateDynamicObject(18825,80.39359283,779.14141846,202.91108704,313.77502441,55.36010742,237.10888672); //object(Tube50m180Bend1) (5)
CreateDynamicObject(18825,55.04798126,773.18713379,202.65007019,314.78662109,297.99963379,325.25744629); //object(Tube50m180Bend1) (6)
CreateDynamicObject(18825,62.58763123,776.45166016,226.49621582,315.08312988,57.10412598,248.21154785); //object(Tube50m180Bend1) (8)
CreateDynamicObject(18825,39.63308716,768.32153320,225.75614929,314.78576660,297.99865723,327.04754639); //object(Tube50m180Bend1) (9)
CreateDynamicObject(18825,47.40457916,772.11389160,249.43048096,315.08239746,57.10144043,252.68829346); //object(Tube50m180Bend1) (10)
CreateDynamicObject(18825,35.73364258,737.86981201,249.95635986,319.58520508,239.80572510,248.30682373); //object(Tube50m180Bend1) (11)
CreateDynamicObject(18825,42.93539810,739.59991455,275.09460449,319.88671875,119.83813477,317.95886230); //object(Tube50m180Bend1) (12)
CreateDynamicObject(18825,14.14292526,741.01062012,274.47918701,319.58129883,239.80407715,216.94479370); //object(Tube50m180Bend1) (13)
CreateDynamicObject(18825,19.26747322,739.67651367,298.35147095,319.21679688,120.62002563,292.48382568); //object(Tube50m180Bend1) (14)
CreateDynamicObject(18984,-25.20761871,764.61645508,267.71405029,321.48110962,1.14511108,77.82751465); //object(Tube100m5) (1)
CreateDynamicObject(18815,-633.82812500,991.17523193,263.13439941,0.00000000,39.42041016,341.18572998); //object(Tube50mFunnel3) (1)
CreateDynamicObject(18765,-314.26757812,853.64746094,226.06364441,0.00000000,0.00000000,342.08129883); //object(Concrete10mx10mx5m) (1)
CreateDynamicObject(18765,-324.73895264,848.37188721,226.06364441,0.00000000,0.00000000,342.08129883); //object(Concrete10mx10mx5m) (2)
CreateDynamicObject(18765,-335.30953979,843.22625732,226.06364441,0.00000000,0.00000000,342.08129883); //object(Concrete10mx10mx5m) (3)
CreateDynamicObject(18765,-341.14205933,853.53210449,226.06364441,0.00000000,0.00000000,342.08129883); //object(Concrete10mx10mx5m) (4)
CreateDynamicObject(18765,-347.05395508,863.82421875,226.06364441,0.00000000,0.00000000,342.08129883); //object(Concrete10mx10mx5m) (5)
CreateDynamicObject(18765,-335.98159790,869.13812256,226.06364441,0.00000000,0.00000000,342.08129883); //object(Concrete10mx10mx5m) (6)
CreateDynamicObject(18765,-326.83248901,874.23101807,226.06364441,0.00000000,0.00000000,342.08129883); //object(Concrete10mx10mx5m) (7)
CreateDynamicObject(18765,-317.68945312,879.53747559,226.06364441,0.00000000,0.00000000,342.08129883); //object(Concrete10mx10mx5m) (8)
CreateDynamicObject(18765,-322.23925781,888.87402344,226.06364441,0.00000000,0.00000000,342.08129883); //object(Concrete10mx10mx5m) (9)
CreateDynamicObject(18765,-330.57397461,891.59014893,226.06364441,0.00000000,0.00000000,342.08129883); //object(Concrete10mx10mx5m) (10)
CreateDynamicObject(18765,-339.94512939,894.65838623,226.06364441,0.00000000,0.00000000,342.08129883); //object(Concrete10mx10mx5m) (15)
CreateDynamicObject(18765,-349.14495850,897.53906250,226.06364441,0.00000000,0.00000000,342.08129883); //object(Concrete10mx10mx5m) (16)
CreateDynamicObject(18779,-80.54541779,771.95349121,233.52688599,358.46994019,328.63040161,342.94082642); //object(RampT2) (1)
CreateDynamicObject(18781,-373.91995239,906.87463379,239.42129517,0.00000000,0.00000000,68.22039795); //object(eshRampBig) (1)
CreateDynamicObject(18833,-663.58880615,1003.75262451,230.35964966,0.18185425,240.66989136,334.00076294); //object(RT50mBend45Tube1) (3)
CreateDynamicObject(18833,-706.18536377,1023.64935303,223.18218994,0.29263306,281.87487793,335.70935059); //object(RT50mBend45Tube1) (6)
CreateDynamicObject(18983,-764.84930420,1050.71594238,257.48187256,30.46121216,0.00000000,64.94284058); //object(Tube100m4) (2)
CreateDynamicObject(18989,-812.63775635,1071.01403809,289.31787109,54.54785156,9.67480469,257.30187988); //object(Tube25m45Bend1) (1)
CreateDynamicObject(18989,-832.33142090,1063.69494629,300.00561523,17.46838379,79.37414551,214.37734985); //object(Tube25m45Bend1) (2)
CreateDynamicObject(19000,-916.58154297,992.07421875,290.59729004,359.04827881,84.51235962,41.01354980); //object(Tube200mBulge1) (1)
CreateDynamicObject(19000,-1066.42443848,861.33001709,271.40554810,359.04418945,84.51232910,41.01196289); //object(Tube200mBulge1) (2)
CreateDynamicObject(19000,-1216.08361816,730.67211914,252.27450562,359.04418945,84.51232910,41.01196289); //object(Tube200mBulge1) (3)
CreateDynamicObject(19002,-1432.45227051,560.53637695,277.29785156,0.00000000,0.00000000,301.69995117); //object(FireHoop1) (1)
CreateDynamicObject(18780,-1319.67407227,643.94970703,238.77360535,1.71331787,17.03030396,216.82847595); //object(RampT3) (1)
CreateDynamicObject(18982,-1474.78845215,534.22760010,278.86099243,0.00000000,351.93670654,301.91833496); //object(Tube100m3) (1)
CreateDynamicObject(18822,-1529.25671387,490.21670532,278.66680908,86.05310059,96.25378418,232.06024170); //object(Tube50mGlass45Bend1) (1)
CreateDynamicObject(18822,-1550.19982910,447.16403198,276.86102295,285.18273926,261.64880371,50.72476196); //object(Tube50mGlass45Bend1) (2)
CreateDynamicObject(18809,-1584.67846680,412.91784668,278.38058472,0.00000000,274.07958984,36.73266602); //object(Tube50mGlass1) (5)
CreateDynamicObject(18809,-1624.38354492,383.36010742,282.21893311,0.00000000,274.07592773,36.72729492); //object(Tube50mGlass1) (6)
CreateDynamicObject(18985,-1682.95642090,338.27331543,285.59204102,358.20812988,0.00000000,308.03668213); //object(Tube100m6) (4)
CreateDynamicObject(18985,-1760.03503418,278.02871704,288.73937988,358.20373535,0.00000000,308.03466797); //object(Tube100m6) (5)
CreateDynamicObject(18985,-1838.04858398,216.84008789,291.84625244,358.20373535,0.00000000,308.03466797); //object(Tube100m6) (6)
CreateDynamicObject(18985,-1914.96276855,156.64172363,294.97335815,358.20373535,0.00000000,308.03466797); //object(Tube100m6) (7)
CreateDynamicObject(18982,-1992.99121094,95.76789856,298.20379639,358.00000000,0.00000000,308.00000000); //object(Tube100m3) (3)
CreateDynamicObject(18982,-2071.15966797,34.77631378,301.56301880,357.99499512,0.00000000,307.99621582); //object(Tube100m3) (4)
CreateDynamicObject(18982,-2149.10571289,-26.05225754,304.90200806,357.99499512,0.00000000,307.99621582); //object(Tube100m3) (5)
CreateDynamicObject(18982,-2222.21069336,-83.10009003,308.16540527,357.99499512,0.00000000,307.99621582); //object(Tube100m3) (6)
CreateDynamicObject(18983,-2299.60742188,-143.54766846,311.62741089,358.00000000,0.00000000,308.00000000); //object(Tube100m4) (5)
CreateDynamicObject(18983,-2378.13476562,-204.80075073,315.02175903,357.99499512,0.00000000,307.99621582); //object(Tube100m4) (6)
CreateDynamicObject(18983,-2455.51899941,-265.20901489,318.41610718,357.99499512,0.00000000,307.99621582); //object(Tube100m4) (7)
CreateDynamicObject(18983,-2533.21435547,-326.01959229,321.79556274,357.99499512,0.00000000,307.99621582); //object(Tube100m4) (8)
CreateDynamicObject(18989,-2580.23291016,-365.68966675,324.35955811,284.09249878,243.22183228,213.53553772); //object(Tube25m45Bend1) (3)
CreateDynamicObject(18984,-2588.77832031,-426.40014648,326.13256836,0.00000000,0.00000000,354.62448120); //object(Tube100m5) (4)
CreateDynamicObject(18984,-2598.10253906,-525.10321045,326.13256836,0.00000000,0.00000000,354.62219238); //object(Tube100m5) (5)
CreateDynamicObject(18984,-2607.34570312,-623.46405029,326.13256836,0.00000000,0.00000000,354.62219238); //object(Tube100m5) (6)
CreateDynamicObject(18984,-2616.44506836,-721.05157471,326.13256836,0.00000000,0.00000000,354.62219238); //object(Tube100m5) (7)
CreateDynamicObject(18984,-2625.79028320,-819.49908447,326.13256836,0.00000000,0.00000000,354.62219238); //object(Tube100m5) (8)
CreateDynamicObject(18779,-2625.55810547,-891.07049561,324.06057739,0.00000000,340.96728516,87.03469849); //object(RampT2) (2)
CreateDynamicObject(18824,-2632.14599609,-1090.72326660,254.17556763,0.00000000,316.99597168,0.00000000); //object(Tube50mGlass90Bend1) (19)
CreateDynamicObject(18822,-2591.47534180,-1089.59643555,247.22360229,1.75903320,250.95141602,2.98291016); //object(Tube50mGlass45Bend1) (3)
CreateDynamicObject(18826,-2565.16333008,-1102.56408691,268.13577271,310.47766113,49.33789062,223.93792725); //object(Tube50mGlass180Bend) (2)
CreateDynamicObject(18826,-2592.12524414,-1106.34143066,271.91342163,306.71569824,311.70188335,333.37866211); //object(Tube50mGlass180Bend) (3)
CreateDynamicObject(18813,-2643.64208984,-1090.58886719,298.33755493,0.00000000,0.00000000,0.00000000); //object(Tube50mGlassFunnel1) (2)
CreateDynamicObject(18826,-2580.03247070,-1101.63806152,293.42520142,307.09167480,42.65563965,239.32983398); //object(Tube50mGlass180Bend) (4)
CreateDynamicObject(18826,-2603.40478516,-1114.39233398,301.50543213,318.33825684,324.64556885,359.06628418); //object(Tube50mGlass180Bend) (5)
CreateDynamicObject(18826,-2592.65112305,-1111.88415527,326.77462769,307.08984375,42.65441895,241.11791992); //object(Tube50mGlass180Bend) (6)
CreateDynamicObject(18826,-2615.55273438,-1126.20776367,335.08697510,318.33435059,324.64050293,4.44165039); //object(Tube50mGlass180Bend) (7)
CreateDynamicObject(18826,-2605.71972656,-1123.05590820,360.73947144,309.88256836,48.28710938,250.90429688); //object(Tube50mGlass180Bend) (8)
CreateDynamicObject(18826,-2627.69970703,-1140.32128906,367.59420776,319.11895752,322.49157715,10.19177246); //object(Tube50mGlass180Bend) (9)
CreateDynamicObject(18826,-2618.82910156,-1135.98205566,393.13064575,309.88037109,48.28491211,260.75543213); //object(Tube50mGlass180Bend) (10)
CreateDynamicObject(18826,-2636.95825195,-1156.03930664,400.80734253,321.99090576,324.24725342,19.23019409); //object(Tube50mGlass180Bend) (11)
CreateDynamicObject(18826,-2628.41748047,-1150.63427734,426.61636353,309.87487793,48.27941895,272.40197754); //object(Tube50mGlass180Bend) (12)
CreateDynamicObject(18826,-2619.42041016,-1186.79174805,425.90512085,53.79724121,288.84927368,120.08520508); //object(Tube50mGlass180Bend) (13)
CreateDynamicObject(18826,-2610.50195312,-1180.12451172,446.84194946,44.51202393,43.10638428,192.99938965); //object(Tube50mGlass180Bend) (14)
CreateDynamicObject(18826,-2631.06103516,-1198.98901367,453.10150146,49.20239258,314.61639404,72.52273560); //object(Tube50mGlass180Bend) (16)
CreateDynamicObject(18826,-2621.97192383,-1193.93823242,477.59875488,45.80609131,44.35043335,174.21789551); //object(Tube50mGlass180Bend) (17)
CreateDynamicObject(18826,-2643.28564453,-1206.77221680,483.53036499,61.19763184,318.12936401,63.01345825); //object(Tube50mGlass180Bend) (18)
CreateDynamicObject(18822,-2607.83422852,-1215.59350586,500.10876465,61.29464722,125.65380859,145.70031738); //object(Tube50mGlass45Bend1) (4)
CreateDynamicObject(18809,-2563.37597656,-1230.52368164,510.30316162,0.00000000,260.20422363,331.33056641); //object(Tube50mGlass1) (7)
CreateDynamicObject(18809,-2522.28149414,-1251.85327148,523.61822510,0.00000000,248.55323792,334.01342773); //object(Tube50mGlass1) (10)
CreateDynamicObject(18809,-2481.53662109,-1271.67614746,541.63391113,0.00000000,248.54919434,334.01184082); //object(Tube50mGlass1) (11)
CreateDynamicObject(18809,-2446.70385742,-1289.04797363,556.57019043,0.00000000,249.43960571,333.09939575); //object(Tube50mGlass1) (13)
CreateDynamicObject(18809,-2437.64819336,-1293.57336426,560.35638428,0.00000000,249.43908691,333.09448242); //object(Tube50mGlass1) (13)
CreateDynamicObject(18844,-2375.95898438,-1324.74511719,564.52667236,359.82971191,93.37829590,333.11096191); //object(WaterUVAnimSphere1) (1)
CreateDynamicObject(18981,-282.76107788,844.79449463,242.88864136,0.00000000,90.00000000,342.08129883); //object(Concrete1mx25mx25m) (2)
CreateDynamicObject(18766,-293.58126831,835.66339111,245.81362915,0.00000000,0.00000000,341.68151855); //object(Concrete10mx1mx5m) (1)
CreateDynamicObject(18766,-263.02914429,830.73181152,245.81362915,0.00000000,0.00000000,72.22363281); //object(Concrete10mx1mx5m) (4)
CreateDynamicObject(18981,-272.12310791,841.34655762,242.88864136,0.00000000,90.00000000,342.07580566); //object(Concrete1mx25mx25m) (4)
CreateDynamicObject(18766,-284.15194702,832.54553223,245.81362915,0.00000000,0.00000000,341.68029785); //object(Concrete10mx1mx5m) (6)
CreateDynamicObject(18766,-275.36276245,829.69464111,245.81362915,0.00000000,0.00000000,342.47030640); //object(Concrete10mx1mx5m) (7)
CreateDynamicObject(18766,-268.71710205,827.59490967,245.81362915,0.00000000,0.00000000,342.52026367); //object(Concrete10mx1mx5m) (8)
CreateDynamicObject(18766,-259.97970581,839.96038818,245.81362915,0.00000000,0.00000000,71.97143555); //object(Concrete10mx1mx5m) (9)
CreateDynamicObject(18766,-258.36199951,844.72387695,245.81362915,0.00000000,0.00000000,72.37152100); //object(Concrete10mx1mx5m) (10)
CreateDynamicObject(18766,-261.32662964,850.44665527,245.81362915,0.00000000,0.00000000,342.00036621); //object(Concrete10mx1mx5m) (11)
CreateDynamicObject(18766,-270.07046509,853.32183838,245.81362915,0.00000000,0.00000000,341.68029785); //object(Concrete10mx1mx5m) (12)
CreateDynamicObject(18766,-279.28811646,856.37902832,245.81362915,0.00000000,0.00000000,341.68029785); //object(Concrete10mx1mx5m) (13)
CreateDynamicObject(18766,-286.11154175,858.63684082,245.81362915,0.00000000,0.00000000,341.68029785); //object(Concrete10mx1mx5m) (14)
CreateDynamicObject(18981,873.37731934,717.97662354,152.30603027,0.00000000,90.00000000,13.42529297); //object(Concrete1mx25mx25m) (1)
CreateDynamicObject(18981,921.67102051,729.51184082,152.30603027,0.00000000,90.00000000,13.42529297); //object(Concrete1mx25mx25m) (1)
CreateDynamicObject(998,934.36810303,729.47369385,153.62052917,90.00000000,179.99450684,103.26599121); //object(gdyn_barrier17) (1)
CreateDynamicObject(998,932.70855713,736.52404785,153.62052917,90.00000000,179.99450684,103.26599121); //object(gdyn_barrier17) (1)
CreateDynamicObject(998,862.07263184,712.21765137,153.62052917,90.00000000,179.99450684,103.58459473); //object(gdyn_barrier17) (5)
CreateDynamicObject(998,858.68811035,726.35681152,153.62052917,90.00000000,179.99450684,103.46374512); //object(gdyn_barrier17) (6)
CreateDynamicObject(998,860.37207031,719.27874756,153.62052917,90.00000000,179.99450684,103.46374512); //object(gdyn_barrier17) (6)
CreateDynamicObject(998,877.58148193,731.66699219,153.62052917,90.00000000,179.99450684,13.43078613); //object(gdyn_barrier17) (5)
CreateDynamicObject(998,873.40386963,705.26654053,153.62052917,90.00000000,179.99450684,13.43078613); //object(gdyn_barrier17) (5)
CreateDynamicObject(998,883.39312744,707.67950439,153.62052917,90.00000000,179.99450684,13.43078613); //object(gdyn_barrier17) (5)
CreateDynamicObject(998,935.77404785,720.17541504,153.62052917,90.00000000,179.99450684,13.43078613); //object(gdyn_barrier17) (5)
CreateDynamicObject(998,925.75256348,717.80560303,153.62052917,90.00000000,179.99450684,13.43078613); //object(gdyn_barrier17) (5)
CreateDynamicObject(998,930.05908203,744.19940186,153.62052917,90.00000000,179.99450684,13.43078613); //object(gdyn_barrier17) (5)
CreateDynamicObject(998,920.09643555,741.83251953,153.62052917,90.00000000,179.99450684,13.43078613); //object(gdyn_barrier17) (5)
CreateDynamicObject(998,887.56390381,734.03784180,153.62052917,90.00000000,179.99450684,13.43078613); //object(gdyn_barrier17) (5)
CreateDynamicObject(998,910.09582520,739.44921875,153.62052917,90.00000000,179.99450684,13.43078613); //object(gdyn_barrier17) (5)
CreateDynamicObject(998,893.34509277,710.06311035,153.62052917,90.00000000,179.99450684,13.43078613); //object(gdyn_barrier17) (5)
CreateDynamicObject(998,915.82312012,715.42749023,153.62052917,90.00000000,179.99450684,13.43078613); //object(gdyn_barrier17) (5)
CreateDynamicObject(998,931.00280762,743.70263672,153.62052917,90.00000000,179.99450684,103.26599121); //object(gdyn_barrier17) (1)
CreateDynamicObject(998,867.62695312,729.29895020,153.62052917,90.00000000,179.99450684,13.43511963); //object(gdyn_barrier17) (5)
// naprawcze
CreateDynamicObject(8395,897.88653564,723.24420166,249.00070190,0.00000000,0.00000000,0.00000000); //object(vgepyrmd_dy) (4)
CreateDynamicObject(8395,897.88574219,723.24414062,227.02571106,0.00000000,0.00000000,0.00000000); //object(vgepyrmd_dy) (5)
CreateDynamicObject(8395,897.88574219,723.24414062,270.75082397,0.00000000,0.00000000,0.00000000); //object(vgepyrmd_dy) (6)
CreateDynamicObject(8395,897.88574219,723.24414062,291.75094604,0.00000000,0.00000000,0.00000000); //object(vgepyrmd_dy) (8)
CreateDynamicObject(8395,897.88574219,723.24414062,312.52554321,0.00000000,0.00000000,0.00000000); //object(vgepyrmd_dy) (12)
CreateDynamicObject(8395,897.88574219,723.24414062,269.55050659,0.00000000,180.00000000,90.00000000); //object(vgepyrmd_dy) (13)
CreateDynamicObject(8395,897.88574219,723.24414062,291.15036011,0.00000000,179.99450684,90.00000000); //object(vgepyrmd_dy) (14)
CreateDynamicObject(8395,897.88574219,723.24414062,310.35006714,0.00000000,179.99450684,90.00000000); //object(vgepyrmd_dy) (15)
CreateDynamicObject(8395,897.88574219,723.24414062,328.80014038,0.00000000,179.99450684,90.00000000); //object(vgepyrmd_dy) (16)
CreateDynamicObject(8395,897.88574219,723.24414062,347.92520142,0.00000000,179.99450684,90.00000000); //object(vgepyrmd_dy) (17)
CreateDynamicObject(18835,898.77050781,723.38488770,199.88047791,0.00000000,0.00000000,0.00000000); //object(RBFunnel) (2)
CreateDynamicObject(18813,898.32391357,724.18713379,213.08517456,0.00000000,0.00000000,0.00000000); //object(Tube50mGlassFunnel1) (1)
CreateDynamicObject(18826,893.03027344,725.37896729,208.85911560,0.00000000,0.00000000,0.00000000); //object(Tube50mGlass180Bend) (1)
CreateDynamicObject(18822,896.55603027,723.67956543,211.71073914,0.00000000,0.00000000,0.00000000); //object(Tube50mGlass45Bend1) (5)
CreateDynamicObject(18982,898.33697510,723.47570801,237.73078918,90.00000000,0.00000000,0.00000000); //object(Tube100m3) (2)
CreateDynamicObject(18780,885.74304199,723.91711426,226.20581055,0.00000000,90.00000000,0.00000000); //object(RampT3) (2)
CreateDynamicObject(19002,898.32916260,723.85406494,196.95907593,0.00000000,0.00000000,0.00000000); //object(FireHoop1) (2)
CreateDynamicObject(19000,897.94781494,723.50396729,287.83087158,0.00000000,0.00000000,0.00000000); //object(Tube200mBulge1) (4)
CreateDynamicObject(18989,896.85217285,723.68475342,199.53096008,0.00000000,0.00000000,0.00000000); //object(Tube25m45Bend1) (4)
CreateDynamicObject(18983,898.71051025,723.41113281,237.88105774,90.00000000,0.00000000,0.00000000); //object(Tube100m4) (1)
CreateDynamicObject(18781,897.03857422,721.97326660,198.75761414,0.00000000,0.00000000,0.00000000); //object(eshRampBig) (2)
CreateDynamicObject(18779,898.27459717,718.58099365,200.89816284,0.00000000,0.00000000,0.00000000); //object(RampT2) (3)
CreateDynamicObject(18765,898.83599854,723.78839111,191.76164246,0.00000000,0.00000000,0.00000000); //object(Concrete10mx10mx5m) (11)
CreateDynamicObject(18815,899.20306396,723.52813721,212.83100891,0.00000000,0.00000000,0.00000000); //object(Tube50mFunnel3) (2)
CreateDynamicObject(18984,898.76013184,723.30657959,237.95602417,90.00000000,0.00000000,0.00000000); //object(Tube100m5) (2)
CreateDynamicObject(18825,898.04827881,723.49841309,209.83407593,0.00000000,0.00000000,0.00000000); //object(Tube50m180Bend1) (4)
CreateDynamicObject(18999,900.79187012,725.62725830,289.03155518,0.00000000,0.00000000,0.00000000); //object(Tube200mBendy1) (1)
CreateDynamicObject(18986,899.35949707,724.14697266,198.61187744,0.00000000,0.00000000,0.00000000); //object(TubeToPipe1) (2)
CreateDynamicObject(18985,898.42089844,723.90441895,237.95596313,90.00000000,0.00000000,0.00000000); //object(Tube100m6) (2)
CreateDynamicObject(18851,897.44866943,723.81842041,213.55284119,0.00000000,270.00000000,0.00000000); //object(TubeToRoad1) (2)
CreateDynamicObject(18811,898.21057129,723.62432861,212.97328186,0.00000000,0.00000000,0.00000000); //object(Tube50mGlassBulge1) (2)
CreateDynamicObject(18809,898.63012695,723.76074219,213.31727600,0.00000000,0.00000000,0.00000000); //object(Tube50mGlass1) (8)
CreateDynamicObject(18824,892.89984131,723.65008545,211.61701965,0.00000000,0.00000000,0.00000000); //object(Tube50mGlass90Bend1) (1)
CreateDynamicObject(18816,898.30883789,723.33715820,212.98103333,0.00000000,0.00000000,0.00000000); //object(Tube50mFunnel4) (2)
CreateDynamicObject(18833,894.06561279,723.69116211,212.16069031,0.00000000,0.00000000,0.00000000); //object(RT50mBend45Tube1) (7)
CreateDynamicObject(18834,895.30883789,723.30535889,208.33789062,0.00000000,0.00000000,0.00000000); //object(RT50mBend180Tube1) (3)
CreateDynamicObject(18829,898.27740479,723.31665039,213.28089905,0.00000000,0.00000000,0.00000000); //object(RTexturetube) (6)
CreateDynamicObject(18839,894.43438721,723.75378418,211.94114685,0.00000000,0.00000000,0.00000000); //object(RB50mBend45Tube) (2)
CreateDynamicObject(18841,894.95318604,723.40124512,208.03411865,0.00000000,0.00000000,0.00000000); //object(RB50mBend180Tube) (7)
CreateDynamicObject(18842,898.11810303,723.69665527,212.98097229,0.00000000,0.00000000,0.00000000); //object(RB50mTube) (3)
CreateDynamicObject(18840,890.80364990,723.97546387,211.61892700,0.00000000,0.00000000,0.00000000); //object(RB50mBend90Tube) (12)